Time (seconds), Duration (seconds),pred_unlabelled,pred_Chainsaw,pred_Standby,pred_Human
0.00000,3.02194,0.41909,0.00020,0.58037,0.00034
0.10000,3.02194,0.34255,0.00018,0.65698,0.00029
0.20000,3.02194,0.40726,0.00016,0.59230,0.00028
0.30000,3.02194,0.35153,0.00018,0.64799,0.00030
0.40000,3.02194,0.40677,0.00016,0.59280,0.00027
0.50000,3.02194,0.34154,0.00017,0.65800,0.00029
0.60000,3.02194,0.37740,0.00018,0.62212,0.00030
0.70000,3.02194,0.40061,0.00015,0.59898,0.00026
0.80000,3.02194,0.37147,0.00015,0.62812,0.00026
0.90000,3.02194,0.34001,0.00022,0.65938,0.00039
1.00000,3.02194,0.35900,0.00017,0.64053,0.00030
1.10000,3.02194,0.46222,0.00020,0.53723,0.00036
1.20000,3.02194,0.47970,0.00017,0.51985,0.00028
1.30000,3.02194,0.46107,0.00017,0.53847,0.00029
1.40000,3.02194,0.51584,0.00016,0.48372,0.00027
1.50000,3.02194,0.45806,0.00020,0.54141,0.00034
1.60000,3.02194,0.38792,0.00031,0.61130,0.00047
1.70000,3.02194,0.32547,0.00025,0.67389,0.00039
1.80000,3.02194,0.22698,0.00023,0.77245,0.00034
1.90000,3.02194,0.18923,0.00019,0.81031,0.00027
2.00000,3.02194,0.17261,0.00017,0.82697,0.00025
2.10000,3.02194,0.15839,0.00016,0.84123,0.00022
2.20000,3.02194,0.15852,0.00016,0.84110,0.00022
2.30000,3.02194,0.17481,0.00014,0.82486,0.00019
2.40000,3.02194,0.18837,0.00012,0.81135,0.00017
2.50000,3.02194,0.20013,0.00015,0.79951,0.00021
2.60000,3.02194,0.20579,0.00014,0.79387,0.00020
2.70000,3.02194,0.23416,0.00014,0.76552,0.00019
2.80000,3.02194,0.25256,0.00015,0.74705,0.00023
2.90000,3.02194,0.24294,0.00013,0.75674,0.00019
3.00000,3.02194,0.29337,0.00012,0.70633,0.00018
3.10000,3.02194,0.31834,0.00013,0.68132,0.00021
3.20000,3.02194,0.33062,0.00011,0.66908,0.00018
3.30000,3.02194,0.33314,0.00014,0.66649,0.00022
3.40000,3.02194,0.28923,0.00014,0.71043,0.00020
3.50000,3.02194,0.28340,0.00014,0.71624,0.00021
3.60000,3.02194,0.31038,0.00013,0.68928,0.00021
3.70000,3.02194,0.32185,0.00012,0.67783,0.00020
3.80000,3.02194,0.34522,0.00014,0.65441,0.00022
3.90000,3.02194,0.39626,0.00012,0.60343,0.00019
4.00000,3.02194,0.31299,0.00018,0.68655,0.00028
4.10000,3.02194,0.24509,0.00019,0.75447,0.00025
4.20000,3.02194,0.15928,0.00016,0.84034,0.00022
4.30000,3.02194,0.27468,0.00014,0.72498,0.00020
4.40000,3.02194,0.27438,0.00015,0.72525,0.00022
4.50000,3.02194,0.22838,0.00012,0.77134,0.00016
4.60000,3.02194,0.26251,0.00015,0.73714,0.00020
4.70000,3.02194,0.14509,0.00015,0.85458,0.00019
4.80000,3.02194,0.14960,0.00012,0.85010,0.00018
4.90000,3.02194,0.07686,0.00016,0.92280,0.00018
5.00000,3.02194,0.09177,0.00010,0.90801,0.00012
5.10000,3.02194,0.12862,0.00011,0.87112,0.00015
5.20000,3.02194,0.14402,0.00011,0.85571,0.00016
5.30000,3.02194,0.06433,0.00014,0.93536,0.00018
5.40000,3.02194,0.10935,0.00010,0.89042,0.00013
5.50000,3.02194,0.13237,0.00011,0.86738,0.00014
5.60000,3.02194,0.17063,0.00010,0.82912,0.00014
5.70000,3.02194,0.21102,0.00010,0.78872,0.00015
5.80000,3.02194,0.22460,0.00011,0.77513,0.00016
5.90000,3.02194,0.27698,0.00012,0.72271,0.00019
6.00000,3.02194,0.33809,0.00011,0.66161,0.00018
6.10000,3.02194,0.31842,0.00014,0.68121,0.00023
6.20000,3.02194,0.32187,0.00012,0.67783,0.00019
6.30000,3.02194,0.29975,0.00014,0.69990,0.00021
6.40000,3.02194,0.27152,0.00014,0.72812,0.00021
6.50000,3.02194,0.36303,0.00012,0.63664,0.00020
6.60000,3.02194,0.38970,0.00012,0.60998,0.00020
6.70000,3.02194,0.43494,0.00012,0.56474,0.00020
6.80000,3.02194,0.31213,0.00018,0.68740,0.00029
6.90000,3.02194,0.30244,0.00017,0.69715,0.00024
7.00000,3.02194,0.17007,0.00018,0.82954,0.00021
7.10000,3.02194,0.24420,0.00013,0.75549,0.00018
7.20000,3.02194,0.21545,0.00015,0.78420,0.00020
7.30000,3.02194,0.21874,0.00014,0.78093,0.00019
7.40000,3.02194,0.22382,0.00013,0.77588,0.00018
7.50000,3.02194,0.13156,0.00020,0.86803,0.00021
7.60000,3.02194,0.10645,0.00011,0.89330,0.00013
7.70000,3.02194,0.12152,0.00011,0.87825,0.00013
7.80000,3.02194,0.17204,0.00009,0.82775,0.00013
7.90000,3.02194,0.20043,0.00012,0.79929,0.00017
8.00000,3.02194,0.24420,0.00013,0.75549,0.00018
8.10000,3.02194,0.27629,0.00011,0.72342,0.00018
8.20000,3.02194,0.27391,0.00011,0.72581,0.00017
8.30000,3.02194,0.32829,0.00013,0.67136,0.00021
8.40000,3.02194,0.35073,0.00013,0.64894,0.00021
8.50000,3.02194,0.39128,0.00014,0.60837,0.00022
8.60000,3.02194,0.35873,0.00015,0.64087,0.00025
8.70000,3.02194,0.35014,0.00016,0.64943,0.00027
8.80000,3.02194,0.37876,0.00016,0.62082,0.00026
8.90000,3.02194,0.43766,0.00014,0.56196,0.00024
9.00000,3.02194,0.39048,0.00016,0.60910,0.00026
9.10000,3.02194,0.37700,0.00016,0.62257,0.00027
9.20000,3.02194,0.41650,0.00015,0.58311,0.00024
9.30000,3.02194,0.37190,0.00019,0.62762,0.00029
9.40000,3.02194,0.27213,0.00024,0.72729,0.00033
9.50000,3.02194,0.23656,0.00017,0.76303,0.00025
9.60000,3.02194,0.18659,0.00021,0.81291,0.00029
9.70000,3.02194,0.16857,0.00017,0.83106,0.00020
9.80000,3.02194,0.16123,0.00012,0.83849,0.00017
9.90000,3.02194,0.10857,0.00016,0.89109,0.00017
10.00000,3.02194,0.10788,0.00021,0.89170,0.00021
10.10000,3.02194,0.11339,0.00012,0.88635,0.00014
10.20000,3.02194,0.16031,0.00011,0.83946,0.00013
10.30000,3.02194,0.20997,0.00011,0.78978,0.00015
10.40000,3.02194,0.21805,0.00010,0.78171,0.00014
10.50000,3.02194,0.23419,0.00012,0.76551,0.00018
10.60000,3.02194,0.27021,0.00013,0.72947,0.00019
10.70000,3.02194,0.22957,0.00015,0.77006,0.00023
10.80000,3.02194,0.30645,0.00013,0.69321,0.00021
10.90000,3.02194,0.32784,0.00013,0.67182,0.00021
11.00000,3.02194,0.38316,0.00014,0.61647,0.00023
11.10000,3.02194,0.37031,0.00015,0.62930,0.00024
11.20000,3.02194,0.30476,0.00018,0.69479,0.00027
11.30000,3.02194,0.28342,0.00016,0.71616,0.00025
11.40000,3.02194,0.28374,0.00018,0.71581,0.00026
11.50000,3.02194,0.20208,0.00017,0.79750,0.00025
11.60000,3.02194,0.23919,0.00014,0.76045,0.00021
11.70000,3.02194,0.31818,0.00015,0.68144,0.00022
11.80000,3.02194,0.20958,0.00020,0.78997,0.00026
11.90000,3.02194,0.18960,0.00015,0.81005,0.00020
12.00000,3.02194,0.16415,0.00016,0.83549,0.00020
12.10000,3.02194,0.16418,0.00013,0.83552,0.00017
12.20000,3.02194,0.15145,0.00012,0.84829,0.00015
12.30000,3.02194,0.14648,0.00010,0.85329,0.00013
12.40000,3.02194,0.19644,0.00010,0.80332,0.00014
12.50000,3.02194,0.19248,0.00011,0.80727,0.00015
12.60000,3.02194,0.22433,0.00011,0.77539,0.00016
12.70000,3.02194,0.28257,0.00012,0.71712,0.00018
12.80000,3.02194,0.28302,0.00012,0.71669,0.00017
12.90000,3.02194,0.23950,0.00014,0.76017,0.00019
13.00000,3.02194,0.32647,0.00013,0.67321,0.00019
13.10000,3.02194,0.31932,0.00015,0.68030,0.00023
13.20000,3.02194,0.25841,0.00020,0.74110,0.00029
13.30000,3.02194,0.37081,0.00014,0.62883,0.00022
13.40000,3.02194,0.29162,0.00019,0.70794,0.00026
13.50000,3.02194,0.35986,0.00015,0.63974,0.00025
13.60000,3.02194,0.25780,0.00021,0.74171,0.00028
13.70000,3.02194,0.25424,0.00017,0.74535,0.00024
13.80000,3.02194,0.21483,0.00020,0.78471,0.00026
13.90000,3.02194,0.20559,0.00016,0.79403,0.00022
14.00000,3.02194,0.30933,0.00011,0.69039,0.00017
14.10000,3.02194,0.26459,0.00015,0.73505,0.00022
14.20000,3.02194,0.19200,0.00018,0.80758,0.00024
14.30000,3.02194,0.21177,0.00014,0.78789,0.00020
14.40000,3.02194,0.20513,0.00012,0.79458,0.00018
14.50000,3.02194,0.18068,0.00014,0.81897,0.00021
14.60000,3.02194,0.20559,0.00013,0.79408,0.00020
14.70000,3.02194,0.18427,0.00010,0.81548,0.00015
14.80000,3.02194,0.20168,0.00012,0.79803,0.00017
14.90000,3.02194,0.22776,0.00011,0.77196,0.00017
15.00000,3.02194,0.28024,0.00012,0.71946,0.00019
15.10000,3.02194,0.32343,0.00012,0.67626,0.00019
15.20000,3.02194,0.31888,0.00014,0.68075,0.00022
15.30000,3.02194,0.37017,0.00015,0.62944,0.00024
15.40000,3.02194,0.39278,0.00013,0.60686,0.00023
15.50000,3.02194,0.46481,0.00012,0.53486,0.00020
15.60000,3.02194,0.47084,0.00014,0.52878,0.00024
15.70000,3.02194,0.41511,0.00017,0.58444,0.00028
15.80000,3.02194,0.42340,0.00016,0.57618,0.00026
15.90000,3.02194,0.42289,0.00018,0.57665,0.00029
16.00000,3.02194,0.30829,0.00020,0.69119,0.00032
16.10000,3.02194,0.36489,0.00015,0.63473,0.00024
16.20000,3.02194,0.40061,0.00015,0.59897,0.00026
16.30000,3.02194,0.33292,0.00017,0.66664,0.00028
16.40000,3.02194,0.31594,0.00019,0.68357,0.00030
16.50000,3.02194,0.31425,0.00015,0.68535,0.00025
16.60000,3.02194,0.33506,0.00019,0.66442,0.00032
16.70000,3.02194,0.34336,0.00015,0.65624,0.00025
16.80000,3.02194,0.27721,0.00023,0.72221,0.00034
16.90000,3.02194,0.28773,0.00021,0.71173,0.00033
17.00000,3.02194,0.18812,0.00024,0.81132,0.00033
17.10000,3.02194,0.23158,0.00015,0.76804,0.00022
17.20000,3.02194,0.19651,0.00020,0.80302,0.00026
17.30000,3.02194,0.24233,0.00015,0.75730,0.00022
17.40000,3.02194,0.27342,0.00014,0.72622,0.00022
17.50000,3.02194,0.30408,0.00015,0.69553,0.00024
17.60000,3.02194,0.22542,0.00022,0.77408,0.00028
17.70000,3.02194,0.28506,0.00016,0.71455,0.00024
17.80000,3.02194,0.16450,0.00024,0.83496,0.00030
17.90000,3.02194,0.20181,0.00015,0.79781,0.00023
18.00000,3.02194,0.23016,0.00016,0.76946,0.00023
18.10000,3.02194,0.25144,0.00014,0.74822,0.00020
18.20000,3.02194,0.27200,0.00014,0.72765,0.00022
18.30000,3.02194,0.33608,0.00013,0.66359,0.00020
18.40000,3.02194,0.33863,0.00015,0.66099,0.00023
18.50000,3.02194,0.36981,0.00015,0.62979,0.00025
18.60000,3.02194,0.33507,0.00014,0.66458,0.00021
18.70000,3.02194,0.31659,0.00018,0.68297,0.00027
18.80000,3.02194,0.30109,0.00014,0.69854,0.00023
18.90000,3.02194,0.28952,0.00015,0.71010,0.00022
19.00000,3.02194,0.24082,0.00016,0.75880,0.00023
19.10000,3.02194,0.23195,0.00016,0.76768,0.00022
19.20000,3.02194,0.31204,0.00013,0.68763,0.00020
19.30000,3.02194,0.36754,0.00013,0.63212,0.00020
19.40000,3.02194,0.38855,0.00013,0.61112,0.00020
19.50000,3.02194,0.31673,0.00021,0.68279,0.00027
19.60000,3.02194,0.27180,0.00016,0.72781,0.00023
19.70000,3.02194,0.22526,0.00017,0.77433,0.00024
19.80000,3.02194,0.13618,0.00015,0.86348,0.00019
19.90000,3.02194,0.21904,0.00011,0.78068,0.00017
20.00000,3.02194,0.21266,0.00013,0.78703,0.00019
20.10000,3.02194,0.23714,0.00013,0.76255,0.00018
20.20000,3.02194,0.27726,0.00014,0.72240,0.00021
20.30000,3.02194,0.28020,0.00015,0.71943,0.00022
20.40000,3.02194,0.29289,0.00015,0.70674,0.00022
20.50000,3.02194,0.30639,0.00013,0.69329,0.00020
20.60000,3.02194,0.28255,0.00015,0.71705,0.00025
20.70000,3.02194,0.32497,0.00013,0.67470,0.00020
20.80000,3.02194,0.30842,0.00015,0.69119,0.00024
20.90000,3.02194,0.29533,0.00019,0.70421,0.00027
21.00000,3.02194,0.39469,0.00016,0.60489,0.00025
21.10000,3.02194,0.40869,0.00016,0.59090,0.00026
21.20000,3.02194,0.40778,0.00018,0.59175,0.00029
21.30000,3.02194,0.37163,0.00019,0.62789,0.00029
21.40000,3.02194,0.39007,0.00016,0.60951,0.00025
21.50000,3.02194,0.41155,0.00015,0.58806,0.00024
21.60000,3.02194,0.36458,0.00015,0.63503,0.00024
21.70000,3.02194,0.40913,0.00015,0.59046,0.00026
21.80000,3.02194,0.31047,0.00021,0.68903,0.00030
21.90000,3.02194,0.33044,0.00016,0.66916,0.00025
22.00000,3.02194,0.24291,0.00019,0.75664,0.00026
22.10000,3.02194,0.28644,0.00016,0.71315,0.00025
22.20000,3.02194,0.27749,0.00015,0.72213,0.00024
22.30000,3.02194,0.27107,0.00016,0.72853,0.00024
22.40000,3.02194,0.14468,0.00016,0.85496,0.00020
22.50000,3.02194,0.14103,0.00014,0.85862,0.00020
22.60000,3.02194,0.17119,0.00015,0.82849,0.00017
22.70000,3.02194,0.20833,0.00012,0.79139,0.00016
22.80000,3.02194,0.23821,0.00015,0.76144,0.00021
22.90000,3.02194,0.29795,0.00013,0.70172,0.00020
23.00000,3.02194,0.23810,0.00016,0.76153,0.00021
23.10000,3.02194,0.20161,0.00016,0.79799,0.00024
23.20000,3.02194,0.27173,0.00014,0.72793,0.00021
23.30000,3.02194,0.29861,0.00013,0.70107,0.00020
23.40000,3.02194,0.33149,0.00014,0.66814,0.00022
23.50000,3.02194,0.31308,0.00015,0.68653,0.00024
23.60000,3.02194,0.28672,0.00016,0.71288,0.00025
23.70000,3.02194,0.28716,0.00013,0.71250,0.00021
23.80000,3.02194,0.31455,0.00012,0.68513,0.00019
23.90000,3.02194,0.35134,0.00014,0.64830,0.00022
24.00000,3.02194,0.36119,0.00014,0.63844,0.00023
24.10000,3.02194,0.29072,0.00016,0.70887,0.00025
24.20000,3.02194,0.35165,0.00013,0.64800,0.00022
24.30000,3.02194,0.20320,0.00025,0.79623,0.00032
24.40000,3.02194,0.24536,0.00014,0.75427,0.00022
24.50000,3.02194,0.19853,0.00016,0.80107,0.00024
24.60000,3.02194,0.27496,0.00014,0.72467,0.00023
24.70000,3.02194,0.26079,0.00012,0.73890,0.00019
24.80000,3.02194,0.09288,0.00018,0.90671,0.00024
24.90000,3.02194,0.18699,0.00011,0.81274,0.00016
25.00000,3.02194,0.12433,0.00018,0.87525,0.00024
25.10000,3.02194,0.14735,0.00013,0.85233,0.00019
25.20000,3.02194,0.19064,0.00011,0.80909,0.00016
25.30000,3.02194,0.21024,0.00009,0.78953,0.00014
25.40000,3.02194,0.23382,0.00012,0.76586,0.00019
25.50000,3.02194,0.27612,0.00012,0.72357,0.00019
25.60000,3.02194,0.37693,0.00012,0.62277,0.00019
25.70000,3.02194,0.26739,0.00020,0.73212,0.00029
25.80000,3.02194,0.25079,0.00017,0.74876,0.00027
25.90000,3.02194,0.30544,0.00013,0.69424,0.00020
26.00000,3.02194,0.32490,0.00013,0.67476,0.00021
26.10000,3.02194,0.38669,0.00016,0.61291,0.00025
26.20000,3.02194,0.35359,0.00019,0.64593,0.00029
26.30000,3.02194,0.38614,0.00016,0.61344,0.00026
26.40000,3.02194,0.34703,0.00016,0.65254,0.00027
26.50000,3.02194,0.32573,0.00017,0.67383,0.00026
26.60000,3.02194,0.22112,0.00022,0.77836,0.00029
26.70000,3.02194,0.21245,0.00017,0.78712,0.00026
26.80000,3.02194,0.13815,0.00016,0.86146,0.00022
26.90000,3.02194,0.14163,0.00014,0.85804,0.00019
27.00000,3.02194,0.16762,0.00012,0.83210,0.00016
27.10000,3.02194,0.19400,0.00015,0.80566,0.00019
27.20000,3.02194,0.19400,0.00010,0.80576,0.00015
27.30000,3.02194,0.23125,0.00011,0.76848,0.00017
27.40000,3.02194,0.20986,0.00014,0.78981,0.00018
27.50000,3.02194,0.12912,0.00016,0.87048,0.00023
27.60000,3.02194,0.15566,0.00014,0.84402,0.00018
27.70000,3.02194,0.12571,0.00011,0.87404,0.00014
27.80000,3.02194,0.16071,0.00012,0.83901,0.00016
27.90000,3.02194,0.13373,0.00011,0.86601,0.00014
28.00000,3.02194,0.18346,0.00013,0.81622,0.00019
28.10000,3.02194,0.13577,0.00014,0.86390,0.00018
28.20000,3.02194,0.19258,0.00012,0.80711,0.00018
28.30000,3.02194,0.23354,0.00012,0.76615,0.00019
28.40000,3.02194,0.15388,0.00016,0.84577,0.00020
28.50000,3.02194,0.15558,0.00014,0.84410,0.00019
28.60000,3.02194,0.17332,0.00012,0.82639,0.00017
28.70000,3.02194,0.14171,0.00013,0.85800,0.00017
28.80000,3.02194,0.08613,0.00013,0.91358,0.00016
28.90000,3.02194,0.06585,0.00012,0.93389,0.00014
29.00000,3.02194,0.14072,0.00009,0.85907,0.00012
29.10000,3.02194,0.19295,0.00010,0.80682,0.00013
29.20000,3.02194,0.19955,0.00013,0.80016,0.00017
29.30000,3.02194,0.18323,0.00012,0.81650,0.00016
29.40000,3.02194,0.17444,0.00010,0.82532,0.00014
29.50000,3.02194,0.19876,0.00009,0.80101,0.00013
29.60000,3.02194,0.15703,0.00010,0.84274,0.00013
29.70000,3.02194,0.23442,0.00009,0.76535,0.00013
29.80000,3.02194,0.09392,0.00019,0.90566,0.00023
29.90000,3.02194,0.13048,0.00013,0.86923,0.00016
30.00000,3.02194,0.08147,0.00013,0.91825,0.00015
30.10000,3.02194,0.12541,0.00010,0.87435,0.00014
30.20000,3.02194,0.12367,0.00010,0.87612,0.00012
30.30000,3.02194,0.14060,0.00011,0.85914,0.00015
30.40000,3.02194,0.07562,0.00011,0.92414,0.00013
30.50000,3.02194,0.11109,0.00009,0.88869,0.00012
30.60000,3.02194,0.10595,0.00010,0.89383,0.00012
30.70000,3.02194,0.11846,0.00009,0.88134,0.00011
30.80000,3.02194,0.12544,0.00009,0.87435,0.00012
30.90000,3.02194,0.16681,0.00010,0.83296,0.00014
31.00000,3.02194,0.13905,0.00009,0.86072,0.00013
31.10000,3.02194,0.15167,0.00010,0.84807,0.00015
31.20000,3.02194,0.16371,0.00010,0.83605,0.00014
31.30000,3.02194,0.19181,0.00009,0.80798,0.00013
31.40000,3.02194,0.19250,0.00010,0.80726,0.00015
31.50000,3.02194,0.13204,0.00014,0.86762,0.00020
31.60000,3.02194,0.17457,0.00009,0.82521,0.00013
31.70000,3.02194,0.20984,0.00009,0.78994,0.00013
31.80000,3.02194,0.25715,0.00010,0.74261,0.00015
31.90000,3.02194,0.29086,0.00013,0.70881,0.00020
32.00000,3.02194,0.20487,0.00015,0.79476,0.00022
32.10000,3.02194,0.20528,0.00013,0.79440,0.00019
32.20000,3.02194,0.22566,0.00012,0.77403,0.00018
32.30000,3.02194,0.27694,0.00013,0.72275,0.00019
32.40000,3.02193,0.27517,0.00014,0.72449,0.00020
32.50000,3.02194,0.36862,0.00014,0.63102,0.00022
32.60000,3.02194,0.24604,0.00019,0.75350,0.00026
32.70000,3.02194,0.18053,0.00015,0.81912,0.00020
32.80000,3.02194,0.20119,0.00011,0.79855,0.00016
32.90000,3.02193,0.16740,0.00015,0.83227,0.00018
33.00000,3.02194,0.16140,0.00016,0.83823,0.00021
33.10000,3.02194,0.20362,0.00013,0.79607,0.00018
33.20000,3.02194,0.20367,0.00016,0.79596,0.00021
33.30000,3.02194,0.14985,0.00013,0.84986,0.00016
33.40000,3.02193,0.14519,0.00013,0.85451,0.00017
33.50000,3.02194,0.13199,0.00020,0.86754,0.00027
33.60000,3.02194,0.11151,0.00014,0.88816,0.00018
33.70000,3.02194,0.11529,0.00012,0.88443,0.00016
33.80000,3.02194,0.14246,0.00013,0.85722,0.00019
33.90000,3.02193,0.14244,0.00012,0.85729,0.00016
34.00000,3.02194,0.21608,0.00011,0.78365,0.00016
34.10000,3.02194,0.21359,0.00013,0.78609,0.00018
34.20000,3.02194,0.23743,0.00013,0.76226,0.00019
34.30000,3.02194,0.24767,0.00012,0.75202,0.00019
34.40000,3.02193,0.20875,0.00011,0.79097,0.00017
34.50000,3.02194,0.26697,0.00012,0.73274,0.00018
34.60000,3.02194,0.20156,0.00019,0.79800,0.00025
34.70000,3.02194,0.25152,0.00013,0.74816,0.00020
34.80000,3.02194,0.22341,0.00013,0.77628,0.00019
34.90000,3.02193,0.20275,0.00012,0.79695,0.00017
35.00000,3.02194,0.20831,0.00012,0.79139,0.00018
35.10000,3.02194,0.09685,0.00017,0.90279,0.00020
35.20000,3.02194,0.18795,0.00012,0.81177,0.00016
35.30000,3.02194,0.18350,0.00010,0.81625,0.00015
35.40000,3.02193,0.22362,0.00012,0.77609,0.00017
35.50000,3.02194,0.19179,0.00014,0.80788,0.00018
35.60000,3.02194,0.17450,0.00011,0.82524,0.00014
35.70000,3.02194,0.17855,0.00018,0.82104,0.00023
35.80000,3.02194,0.17390,0.00011,0.82584,0.00015
35.90000,3.02193,0.20211,0.00009,0.79765,0.00014
36.00000,3.02194,0.19900,0.00012,0.80070,0.00018
36.10000,3.02194,0.15294,0.00013,0.84676,0.00017
36.20000,3.02194,0.14136,0.00010,0.85840,0.00014
36.30000,3.02194,0.15485,0.00011,0.84490,0.00015
36.40000,3.02193,0.21074,0.00010,0.78900,0.00016
36.50000,3.02194,0.18971,0.00012,0.81000,0.00017
36.60000,3.02194,0.27760,0.00011,0.72212,0.00017
36.70000,3.02194,0.27938,0.00013,0.72028,0.00021
36.80000,3.02194,0.32656,0.00011,0.67315,0.00018
36.90000,3.02193,0.39292,0.00013,0.60675,0.00021
37.00000,3.02194,0.27848,0.00017,0.72111,0.00025
37.10000,3.02194,0.29977,0.00016,0.69983,0.00024
37.20000,3.02194,0.34216,0.00015,0.65747,0.00022
37.30000,3.02194,0.36152,0.00015,0.63809,0.00024
37.40000,3.02193,0.40503,0.00015,0.59459,0.00024
37.50000,3.02194,0.38574,0.00020,0.61375,0.00030
37.60000,3.02194,0.32934,0.00022,0.67013,0.00030
37.70000,3.02194,0.33685,0.00018,0.66272,0.00025
37.80000,3.02194,0.39200,0.00013,0.60767,0.00021
37.90000,3.02193,0.27619,0.00019,0.72335,0.00027
38.00000,3.02194,0.07822,0.00022,0.92124,0.00033
38.10000,3.02194,0.20123,0.00015,0.79841,0.00021
38.20000,3.02194,0.08120,0.00026,0.91828,0.00026
38.30000,3.02194,0.11416,0.00016,0.88548,0.00019
38.40000,3.02193,0.12603,0.00011,0.87370,0.00017
38.50000,3.02194,0.15530,0.00011,0.84444,0.00016
38.60000,3.02194,0.09375,0.00012,0.90599,0.00014
38.70000,3.02194,0.08683,0.00012,0.91292,0.00013
38.80000,3.02194,0.03809,0.00018,0.96155,0.00018
38.90000,3.02193,0.05452,0.00009,0.94528,0.00011
39.00000,3.02194,0.05177,0.00009,0.94804,0.00011
39.10000,3.02194,0.04491,0.00011,0.95487,0.00011
39.20000,3.02194,0.03702,0.00009,0.96280,0.00009
39.30000,3.02194,0.10234,0.00008,0.89750,0.00008
39.40000,3.02193,0.14923,0.00009,0.85058,0.00010
39.50000,3.02194,0.10086,0.00012,0.89889,0.00013
39.60000,3.02194,0.04957,0.00013,0.95017,0.00013
39.70000,3.02194,0.02939,0.00008,0.97044,0.00009
39.80000,3.02194,0.03784,0.00005,0.96204,0.00006
39.90000,3.02193,0.05759,0.00006,0.94229,0.00006
40.00000,3.02194,0.04996,0.00007,0.94989,0.00008
40.10000,3.02194,0.06542,0.00006,0.93446,0.00006
40.20000,3.02194,0.03282,0.00016,0.96694,0.00008
40.30000,3.02194,0.03857,0.00007,0.96130,0.00005
40.40000,3.02193,0.04441,0.00005,0.95549,0.00005
40.50000,3.02194,0.06694,0.00004,0.93298,0.00004
40.60000,3.02194,0.08658,0.00005,0.91332,0.00005
40.70000,3.02194,0.10946,0.00005,0.89043,0.00006
40.80000,3.02194,0.12166,0.00006,0.87821,0.00007
40.90000,3.02193,0.13134,0.00005,0.86855,0.00006
41.00000,3.02194,0.12233,0.00006,0.87754,0.00007
41.10000,3.02194,0.12336,0.00006,0.87650,0.00007
41.20000,3.02194,0.13747,0.00006,0.86239,0.00008
41.30000,3.02194,0.11689,0.00008,0.88292,0.00010
41.40000,3.02193,0.11770,0.00008,0.88214,0.00009
41.50000,3.02194,0.11480,0.00007,0.88506,0.00008
41.60000,3.02194,0.12288,0.00007,0.87697,0.00008
41.70000,3.02194,0.14100,0.00008,0.85883,0.00009
41.80000,3.02194,0.09728,0.00007,0.90256,0.00009
41.90000,3.02193,0.11656,0.00008,0.88326,0.00009
42.00000,3.02194,0.13140,0.00008,0.86842,0.00010
42.10000,3.02194,0.14000,0.00010,0.85977,0.00014
42.20000,3.02194,0.17198,0.00009,0.82781,0.00012
42.30000,3.02194,0.16598,0.00009,0.83381,0.00012
42.40000,3.02193,0.14570,0.00008,0.85410,0.00011
42.50000,3.02194,0.18485,0.00007,0.81497,0.00011
42.60000,3.02194,0.17480,0.00012,0.82491,0.00017
42.70000,3.02194,0.19924,0.00011,0.80050,0.00016
42.80000,3.02194,0.20812,0.00014,0.79154,0.00020
42.90000,3.02193,0.17480,0.00014,0.82489,0.00018
43.00000,3.02194,0.21698,0.00010,0.78276,0.00016
43.10000,3.02194,0.21272,0.00019,0.78688,0.00022
43.20000,3.02194,0.13576,0.00016,0.86389,0.00019
43.30000,3.02194,0.13800,0.00013,0.86167,0.00019
43.40000,3.02193,0.17357,0.00013,0.82612,0.00018
43.50000,3.02194,0.11405,0.00029,0.88539,0.00027
43.60000,3.02194,0.07508,0.00016,0.92459,0.00017
43.70000,3.02194,0.09427,0.00011,0.90548,0.00014
43.80000,3.02194,0.11638,0.00011,0.88338,0.00013
43.90000,3.02193,0.11433,0.00010,0.88544,0.00013
44.00000,3.02194,0.11013,0.00010,0.88964,0.00013
44.10000,3.02194,0.15285,0.00010,0.84692,0.00013
44.20000,3.02194,0.17376,0.00010,0.82601,0.00013
44.30000,3.02194,0.16268,0.00010,0.83707,0.00014
44.40000,3.02193,0.17928,0.00010,0.82047,0.00014
44.50000,3.02194,0.22255,0.00010,0.77720,0.00015
44.60000,3.02194,0.20468,0.00011,0.79505,0.00016
44.70000,3.02194,0.19437,0.00010,0.80539,0.00014
44.80000,3.02194,0.22140,0.00010,0.77836,0.00015
44.90000,3.02193,0.21764,0.00011,0.78210,0.00016
45.00000,3.02194,0.23022,0.00012,0.76950,0.00017
45.10000,3.02194,0.21181,0.00012,0.78789,0.00017
45.20000,3.02194,0.20310,0.00012,0.79661,0.00017
45.30000,3.02194,0.17969,0.00012,0.82003,0.00016
45.40000,3.02193,0.18611,0.00013,0.81358,0.00018
45.50000,3.02194,0.22543,0.00011,0.77431,0.00015
45.60000,3.02194,0.15366,0.00013,0.84604,0.00017
45.70000,3.02194,0.13181,0.00012,0.86791,0.00016
45.80000,3.02194,0.13074,0.00010,0.86903,0.00013
45.90000,3.02193,0.08894,0.00013,0.91078,0.00015
46.00000,3.02194,0.09380,0.00008,0.90602,0.00010
46.10000,3.02194,0.14604,0.00008,0.85377,0.00011
46.20000,3.02194,0.11963,0.00010,0.88014,0.00013
46.30000,3.02194,0.13177,0.00011,0.86797,0.00015
46.40000,3.02193,0.11044,0.00012,0.88929,0.00015
46.50000,3.02194,0.10202,0.00010,0.89775,0.00013
46.60000,3.02194,0.11790,0.00010,0.88187,0.00013
46.70000,3.02194,0.15858,0.00010,0.84117,0.00015
46.80000,3.02194,0.20483,0.00012,0.79487,0.00019
46.90000,3.02193,0.17644,0.00013,0.82324,0.00018
47.00000,3.02194,0.18276,0.00014,0.81690,0.00020
47.10000,3.02194,0.12624,0.00017,0.87340,0.00020
47.20000,3.02194,0.12759,0.00013,0.87212,0.00017
47.30000,3.02194,0.16344,0.00012,0.83628,0.00016
47.40000,3.02193,0.20167,0.00013,0.79803,0.00017
47.50000,3.02194,0.21267,0.00013,0.78702,0.00018
47.60000,3.02194,0.11615,0.00015,0.88351,0.00018
47.70000,3.02194,0.14576,0.00011,0.85397,0.00015
47.80000,3.02194,0.12368,0.00011,0.87607,0.00014
47.90000,3.02193,0.07797,0.00017,0.92171,0.00014
48.00000,3.02194,0.07380,0.00012,0.92596,0.00012
48.10000,3.02194,0.04431,0.00009,0.95550,0.00010
48.20000,3.02194,0.06240,0.00008,0.93743,0.00009
48.30000,3.02194,0.09377,0.00007,0.90606,0.00009
48.40000,3.02193,0.10376,0.00009,0.89605,0.00011
48.50000,3.02194,0.13039,0.00007,0.86945,0.00009
48.60000,3.02194,0.14964,0.00007,0.85019,0.00010
48.70000,3.02194,0.10429,0.00010,0.89549,0.00012
48.80000,3.02194,0.10215,0.00009,0.89766,0.00011
48.90000,3.02193,0.08629,0.00011,0.91348,0.00012
49.00000,3.02194,0.09160,0.00010,0.90818,0.00012
49.10000,3.02194,0.09826,0.00008,0.90157,0.00009
49.20000,3.02194,0.11514,0.00008,0.88467,0.00011
49.30000,3.02194,0.11411,0.00010,0.88568,0.00012
49.40000,3.02193,0.07792,0.00009,0.92188,0.00011
49.50000,3.02194,0.09900,0.00009,0.90080,0.00011
49.60000,3.02194,0.10263,0.00011,0.89714,0.00012
49.70000,3.02194,0.08135,0.00010,0.91845,0.00010
49.80000,3.02194,0.08159,0.00009,0.91824,0.00009
49.90000,3.02193,0.06695,0.00009,0.93289,0.00008
50.00000,3.02194,0.06452,0.00008,0.93531,0.00008
50.10000,3.02194,0.06636,0.00007,0.93349,0.00007
50.20000,3.02194,0.06698,0.00009,0.93285,0.00009
50.30000,3.02194,0.09892,0.00009,0.90089,0.00010
50.40000,3.02193,0.09229,0.00007,0.90756,0.00008
50.50000,3.02194,0.11490,0.00006,0.88496,0.00008
50.60000,3.02194,0.14337,0.00007,0.85646,0.00009
50.70000,3.02194,0.11415,0.00009,0.88566,0.00010
50.80000,3.02194,0.14702,0.00008,0.85280,0.00009
50.90000,3.02193,0.12979,0.00009,0.87001,0.00011
51.00000,3.02194,0.13091,0.00009,0.86889,0.00011
51.10000,3.02194,0.10960,0.00011,0.89017,0.00013
51.20000,3.02194,0.16225,0.00011,0.83750,0.00015
51.30000,3.02194,0.15984,0.00011,0.83991,0.00014
51.40000,3.02193,0.09920,0.00014,0.90050,0.00016
51.50000,3.02194,0.09604,0.00011,0.90372,0.00013
51.60000,3.02194,0.05562,0.00009,0.94419,0.00010
51.70000,3.02194,0.08646,0.00009,0.91335,0.00009
51.80000,3.02194,0.10919,0.00008,0.89064,0.00009
51.90000,3.02193,0.07210,0.00014,0.92762,0.00015
52.00000,3.02194,0.05958,0.00009,0.94022,0.00011
52.10000,3.02194,0.06532,0.00008,0.93451,0.00009
52.20000,3.02194,0.09593,0.00007,0.90391,0.00008
52.30000,3.02194,0.07038,0.00008,0.92945,0.00009
52.40000,3.02193,0.06094,0.00009,0.93887,0.00010
52.50000,3.02194,0.08035,0.00008,0.91949,0.00008
52.60000,3.02194,0.05852,0.00008,0.94132,0.00009
52.70000,3.02194,0.11533,0.00007,0.88451,0.00009
52.80000,3.02194,0.05156,0.00011,0.94822,0.00012
52.90000,3.02193,0.06139,0.00008,0.93845,0.00009
53.00000,3.02194,0.07840,0.00007,0.92144,0.00008
53.10000,3.02194,0.06946,0.00007,0.93038,0.00008
53.20000,3.02194,0.09881,0.00007,0.90103,0.00009
53.30000,3.02194,0.12110,0.00008,0.87873,0.00010
53.40000,3.02193,0.14078,0.00009,0.85901,0.00012
53.50000,3.02194,0.17631,0.00008,0.82350,0.00011
53.60000,3.02194,0.13380,0.00011,0.86598,0.00012
53.70000,3.02194,0.14418,0.00012,0.85558,0.00013
53.80000,3.02194,0.13380,0.00011,0.86597,0.00012
53.90000,3.02193,0.09804,0.00011,0.90173,0.00012
54.00000,3.02194,0.09446,0.00009,0.90535,0.00010
54.10000,3.02194,0.09409,0.00010,0.90571,0.00011
54.20000,3.02194,0.08915,0.00009,0.91066,0.00010
54.30000,3.02194,0.08852,0.00007,0.91133,0.00007
54.40000,3.02193,0.05816,0.00009,0.94167,0.00007
54.50000,3.02194,0.08352,0.00008,0.91633,0.00007
54.60000,3.02194,0.10692,0.00008,0.89292,0.00008
54.70000,3.02194,0.09977,0.00009,0.90005,0.00009
54.80000,3.02194,0.10374,0.00009,0.89609,0.00009
54.90000,3.02193,0.07361,0.00009,0.92621,0.00009
55.00000,3.02194,0.09539,0.00008,0.90444,0.00009
55.10000,3.02194,0.14507,0.00009,0.85472,0.00011
55.20000,3.02194,0.10594,0.00008,0.89388,0.00009
55.30000,3.02194,0.12488,0.00009,0.87493,0.00011
55.40000,3.02193,0.14042,0.00008,0.85939,0.00011
55.50000,3.02194,0.12240,0.00010,0.87739,0.00012
55.60000,3.02194,0.17403,0.00010,0.82575,0.00013
55.70000,3.02194,0.16041,0.00008,0.83940,0.00011
55.80000,3.02194,0.20928,0.00010,0.79050,0.00013
55.90000,3.02193,0.26904,0.00010,0.73072,0.00014
56.00000,3.02194,0.29822,0.00011,0.70152,0.00016
56.10000,3.02194,0.15688,0.00017,0.84274,0.00022
56.20000,3.02194,0.17022,0.00012,0.82950,0.00016
56.30000,3.02194,0.08688,0.00011,0.91286,0.00015
56.40000,3.02193,0.07234,0.00009,0.92744,0.00012
