Time (seconds), Duration (seconds),pred_unlabelled,pred_Chainsaw,pred_Standby,pred_Human
0.00000,3.02194,0.00273,0.99719,0.00001,0.00008
0.10000,3.02194,0.00274,0.99712,0.00001,0.00013
0.20000,3.02194,0.00347,0.99610,0.00006,0.00037
0.30000,3.02194,0.00348,0.99595,0.00007,0.00050
0.40000,3.02194,0.00401,0.99531,0.00010,0.00058
0.50000,3.02194,0.00367,0.99549,0.00013,0.00072
0.60000,3.02194,0.00471,0.99456,0.00009,0.00064
0.70000,3.02194,0.00463,0.99457,0.00008,0.00071
0.80000,3.02194,0.00590,0.99318,0.00015,0.00077
0.90000,3.02194,0.00563,0.99379,0.00007,0.00051
1.00000,3.02194,0.00505,0.99419,0.00018,0.00057
1.10000,3.02194,0.00584,0.99364,0.00009,0.00043
1.20000,3.02194,0.00467,0.99479,0.00007,0.00047
1.30000,3.02194,0.00523,0.99420,0.00012,0.00045
1.40000,3.02194,0.00599,0.99346,0.00011,0.00044
1.50000,3.02194,0.00590,0.99355,0.00008,0.00046
1.60000,3.02194,0.00563,0.99385,0.00009,0.00042
1.70000,3.02194,0.00525,0.99416,0.00011,0.00048
1.80000,3.02194,0.00505,0.99450,0.00010,0.00035
1.90000,3.02194,0.00539,0.99413,0.00014,0.00035
2.00000,3.02194,0.00540,0.99418,0.00014,0.00028
2.10000,3.02194,0.00578,0.99385,0.00010,0.00027
2.20000,3.02194,0.00590,0.99364,0.00012,0.00033
2.30000,3.02194,0.00505,0.99444,0.00012,0.00039
2.40000,3.02194,0.00488,0.99471,0.00009,0.00032
2.50000,3.02194,0.00499,0.99451,0.00012,0.00038
2.60000,3.02194,0.00456,0.99497,0.00010,0.00037
2.70000,3.02194,0.00481,0.99461,0.00014,0.00043
2.80000,3.02194,0.00465,0.99486,0.00012,0.00037
2.90000,3.02194,0.00493,0.99458,0.00012,0.00037
3.00000,3.02194,0.00484,0.99468,0.00012,0.00036
3.10000,3.02194,0.00396,0.99555,0.00012,0.00037
3.20000,3.02194,0.00348,0.99606,0.00010,0.00035
3.30000,3.02194,0.00315,0.99653,0.00006,0.00027
3.40000,3.02194,0.00306,0.99643,0.00009,0.00042
3.50000,3.02194,0.00233,0.99710,0.00012,0.00045
3.60000,3.02194,0.00232,0.99727,0.00008,0.00033
3.70000,3.02194,0.00182,0.99781,0.00008,0.00029
3.80000,3.02194,0.00173,0.99783,0.00010,0.00034
3.90000,3.02194,0.00138,0.99836,0.00005,0.00021
4.00000,3.02194,0.00098,0.99884,0.00004,0.00015
4.10000,3.02194,0.00116,0.99860,0.00005,0.00019
4.20000,3.02194,0.00104,0.99876,0.00004,0.00016
4.30000,3.02194,0.00056,0.99940,0.00000,0.00003
4.40000,3.02194,0.00038,0.99961,0.00000,0.00001
4.50000,3.02194,0.00030,0.99969,0.00000,0.00001
4.60000,3.02194,0.00035,0.99964,0.00000,0.00001
4.70000,3.02194,0.00030,0.99969,0.00000,0.00001
4.80000,3.02194,0.00025,0.99974,0.00000,0.00001
4.90000,3.02194,0.00026,0.99973,0.00000,0.00001
5.00000,3.02194,0.00028,0.99971,0.00000,0.00001
5.10000,3.02194,0.00026,0.99973,0.00000,0.00001
5.20000,3.02194,0.00029,0.99971,0.00000,0.00001
5.30000,3.02194,0.00025,0.99974,0.00000,0.00001
5.40000,3.02194,0.00028,0.99972,0.00000,0.00001
5.50000,3.02194,0.00027,0.99972,0.00000,0.00001
5.60000,3.02194,0.00033,0.99966,0.00000,0.00001
5.70000,3.02194,0.00035,0.99964,0.00000,0.00001
5.80000,3.02194,0.00029,0.99970,0.00000,0.00001
5.90000,3.02194,0.00032,0.99968,0.00000,0.00001
6.00000,3.02194,0.00034,0.99965,0.00000,0.00001
6.10000,3.02194,0.00032,0.99967,0.00000,0.00001
6.20000,3.02194,0.00033,0.99966,0.00000,0.00001
6.30000,3.02194,0.00036,0.99963,0.00000,0.00001
6.40000,3.02194,0.00036,0.99962,0.00000,0.00001
6.50000,3.02194,0.00039,0.99960,0.00000,0.00001
6.60000,3.02194,0.00036,0.99963,0.00000,0.00001
6.70000,3.02194,0.00049,0.99949,0.00000,0.00002
6.80000,3.02194,0.00045,0.99953,0.00000,0.00002
6.90000,3.02194,0.00048,0.99949,0.00000,0.00003
7.00000,3.02194,0.00052,0.99944,0.00000,0.00003
7.10000,3.02194,0.00044,0.99953,0.00000,0.00002
7.20000,3.02194,0.00038,0.99959,0.00000,0.00002
7.30000,3.02194,0.00045,0.99951,0.00000,0.00003
7.40000,3.02194,0.00038,0.99959,0.00000,0.00002
7.50000,3.02194,0.00036,0.99962,0.00000,0.00002
7.60000,3.02194,0.00037,0.99961,0.00000,0.00002
7.70000,3.02194,0.00038,0.99959,0.00000,0.00002
7.80000,3.02194,0.00039,0.99960,0.00000,0.00002
7.90000,3.02194,0.00042,0.99955,0.00000,0.00003
8.00000,3.02194,0.00036,0.99961,0.00000,0.00003
8.10000,3.02194,0.00040,0.99956,0.00000,0.00004
8.20000,3.02194,0.00030,0.99968,0.00000,0.00002
8.30000,3.02194,0.00034,0.99963,0.00000,0.00003
8.40000,3.02194,0.00027,0.99971,0.00000,0.00002
8.50000,3.02194,0.00026,0.99973,0.00000,0.00001
8.60000,3.02194,0.00036,0.99961,0.00000,0.00003
8.70000,3.02194,0.00027,0.99971,0.00000,0.00002
8.80000,3.02194,0.00032,0.99965,0.00000,0.00003
8.90000,3.02194,0.00036,0.99962,0.00000,0.00002
9.00000,3.02194,0.00035,0.99961,0.00000,0.00003
9.10000,3.02194,0.00029,0.99968,0.00000,0.00002
9.20000,3.02194,0.00036,0.99962,0.00000,0.00002
9.30000,3.02194,0.00044,0.99954,0.00000,0.00001
9.40000,3.02194,0.00065,0.99933,0.00000,0.00002
9.50000,3.02194,0.00102,0.99896,0.00000,0.00002
9.60000,3.02194,0.00132,0.99864,0.00000,0.00003
9.70000,3.02194,0.00152,0.99844,0.00000,0.00003
9.80000,3.02194,0.00224,0.99772,0.00000,0.00004
9.90000,3.02194,0.00230,0.99764,0.00000,0.00005
10.00000,3.02194,0.00285,0.99704,0.00001,0.00010
10.10000,3.02194,0.52190,0.47758,0.00005,0.00047
10.20000,3.02194,0.92112,0.07864,0.00007,0.00017
10.30000,3.02194,0.96393,0.03575,0.00016,0.00016
10.40000,3.02194,0.97231,0.02740,0.00015,0.00013
10.50000,3.02194,0.97914,0.02071,0.00009,0.00006
10.60000,3.02194,0.98444,0.01548,0.00005,0.00003
10.70000,3.02194,0.98559,0.01433,0.00005,0.00003
10.80000,3.02194,0.98613,0.01380,0.00004,0.00003
10.90000,3.02194,0.96891,0.03098,0.00004,0.00007
11.00000,3.02194,0.87367,0.12606,0.00002,0.00025
11.10000,3.02194,0.94968,0.04999,0.00009,0.00024
11.20000,3.02194,0.90028,0.09928,0.00013,0.00031
11.30000,3.02194,0.84572,0.15395,0.00005,0.00028
11.40000,3.02194,0.86699,0.13253,0.00012,0.00036
11.50000,3.02194,0.91628,0.08344,0.00007,0.00020
11.60000,3.02194,0.79008,0.20951,0.00004,0.00037
11.70000,3.02194,0.97080,0.02897,0.00007,0.00016
11.80000,3.02194,0.87701,0.12263,0.00008,0.00027
11.90000,3.02194,0.75743,0.24214,0.00006,0.00038
12.00000,3.02194,0.71785,0.28123,0.00018,0.00074
12.10000,3.02194,0.71762,0.28131,0.00021,0.00086
12.20000,3.02194,0.63252,0.36648,0.00014,0.00085
12.30000,3.02194,0.87967,0.11975,0.00009,0.00049
12.40000,3.02194,0.89493,0.10464,0.00009,0.00034
12.50000,3.02194,0.89460,0.10486,0.00014,0.00040
12.60000,3.02194,0.72516,0.27435,0.00008,0.00042
12.70000,3.02194,0.84179,0.15789,0.00005,0.00027
12.80000,3.02194,0.78496,0.21462,0.00005,0.00036
12.90000,3.02194,0.89665,0.10279,0.00022,0.00033
13.00000,3.02194,0.97868,0.02123,0.00005,0.00004
13.10000,3.02194,0.98677,0.01316,0.00004,0.00003
13.20000,3.02194,0.98748,0.01245,0.00004,0.00003
13.30000,3.02194,0.98745,0.01248,0.00004,0.00003
13.40000,3.02194,0.98159,0.01833,0.00004,0.00004
13.50000,3.02194,0.94834,0.05123,0.00009,0.00034
13.60000,3.02194,0.98284,0.01706,0.00003,0.00008
13.70000,3.02194,0.90387,0.09576,0.00008,0.00029
13.80000,3.02194,0.95588,0.04393,0.00004,0.00015
13.90000,3.02194,0.96086,0.03896,0.00003,0.00015
14.00000,3.02194,0.95275,0.04692,0.00005,0.00028
14.10000,3.02194,0.87619,0.12331,0.00007,0.00042
14.20000,3.02194,0.92542,0.07421,0.00005,0.00032
14.30000,3.02194,0.92804,0.07154,0.00008,0.00034
14.40000,3.02194,0.91895,0.08061,0.00008,0.00036
14.50000,3.02194,0.93408,0.06548,0.00009,0.00034
14.60000,3.02194,0.95255,0.04711,0.00007,0.00026
14.70000,3.02194,0.89469,0.10488,0.00008,0.00035
14.80000,3.02194,0.95039,0.04933,0.00006,0.00022
14.90000,3.02194,0.93612,0.06344,0.00012,0.00032
15.00000,3.02194,0.91746,0.08211,0.00011,0.00032
15.10000,3.02194,0.95776,0.04196,0.00008,0.00020
15.20000,3.02194,0.94577,0.05400,0.00006,0.00017
15.30000,3.02194,0.97027,0.02955,0.00005,0.00013
15.40000,3.02194,0.95814,0.04164,0.00007,0.00015
15.50000,3.02194,0.95365,0.04606,0.00009,0.00019
15.60000,3.02194,0.93112,0.06854,0.00011,0.00023
15.70000,3.02194,0.94725,0.05246,0.00011,0.00019
15.80000,3.02194,0.98751,0.01238,0.00005,0.00006
15.90000,3.02194,0.97732,0.02254,0.00006,0.00008
16.00000,3.02194,0.97980,0.02007,0.00006,0.00007
16.10000,3.02194,0.96345,0.03636,0.00008,0.00011
16.20000,3.02194,0.96815,0.03166,0.00008,0.00010
16.30000,3.02194,0.05546,0.94450,0.00000,0.00004
16.40000,3.02194,0.00025,0.99974,0.00000,0.00001
16.50000,3.02194,0.00032,0.99968,0.00000,0.00001
16.60000,3.02194,0.00041,0.99957,0.00000,0.00001
16.70000,3.02194,0.00080,0.99918,0.00000,0.00002
16.80000,3.02194,0.00092,0.99905,0.00000,0.00002
16.90000,3.02194,0.00114,0.99883,0.00000,0.00003
17.00000,3.02194,0.00082,0.99912,0.00000,0.00006
17.10000,3.02194,0.00030,0.99968,0.00000,0.00002
17.20000,3.02194,0.00026,0.99972,0.00000,0.00001
17.30000,3.02194,0.00029,0.99970,0.00000,0.00001
17.40000,3.02194,0.00025,0.99974,0.00000,0.00001
17.50000,3.02194,0.00036,0.99963,0.00000,0.00001
17.60000,3.02194,0.00057,0.99940,0.00000,0.00002
17.70000,3.02194,0.00085,0.99913,0.00000,0.00002
17.80000,3.02194,0.00132,0.99863,0.00000,0.00004
17.90000,3.02194,0.00148,0.99845,0.00001,0.00007
18.00000,3.02194,0.00159,0.99831,0.00001,0.00009
18.10000,3.02194,0.00228,0.99765,0.00001,0.00007
18.20000,3.02194,0.00152,0.99836,0.00001,0.00011
18.30000,3.02194,0.00222,0.99767,0.00001,0.00010
18.40000,3.02194,0.00246,0.99744,0.00001,0.00009
18.50000,3.02194,0.00222,0.99763,0.00001,0.00014
18.60000,3.02194,0.00298,0.99690,0.00001,0.00012
18.70000,3.02194,0.00289,0.99695,0.00001,0.00015
18.80000,3.02194,0.00203,0.99753,0.00006,0.00038
18.90000,3.02194,0.00257,0.99683,0.00012,0.00047
19.00000,3.02194,0.00200,0.99705,0.00024,0.00071
19.10000,3.02194,0.00093,0.99871,0.00007,0.00030
19.20000,3.02194,0.00279,0.99693,0.00004,0.00024
19.30000,3.02194,0.00232,0.99722,0.00009,0.00037
19.40000,3.02194,0.00162,0.99802,0.00006,0.00029
19.50000,3.02194,0.00257,0.99683,0.00014,0.00046
19.60000,3.02194,0.00218,0.99700,0.00021,0.00061
19.70000,3.02194,0.00087,0.99882,0.00005,0.00027
19.80000,3.02194,0.00063,0.99915,0.00002,0.00019
19.90000,3.02194,0.00085,0.99886,0.00006,0.00023
20.00000,3.02194,0.00166,0.99805,0.00006,0.00023
20.10000,3.02194,0.00162,0.99793,0.00011,0.00034
20.20000,3.02194,0.00176,0.99777,0.00012,0.00036
20.30000,3.02194,0.00297,0.99664,0.00008,0.00031
20.40000,3.02194,0.00225,0.99713,0.00015,0.00047
20.50000,3.02194,0.00273,0.99680,0.00009,0.00038
20.60000,3.02194,0.00193,0.99754,0.00012,0.00041
20.70000,3.02194,0.00272,0.99678,0.00012,0.00037
20.80000,3.02194,0.00161,0.99800,0.00009,0.00030
20.90000,3.02194,0.00258,0.99703,0.00009,0.00030
21.00000,3.02194,0.00263,0.99683,0.00014,0.00040
21.10000,3.02194,0.00246,0.99689,0.00015,0.00050
21.20000,3.02194,0.00288,0.99657,0.00013,0.00042
21.30000,3.02194,0.00183,0.99772,0.00010,0.00035
21.40000,3.02194,0.00115,0.99855,0.00006,0.00024
21.50000,3.02194,0.00212,0.99750,0.00008,0.00030
21.60000,3.02194,0.00247,0.99700,0.00016,0.00036
21.70000,3.02194,0.00158,0.99796,0.00013,0.00033
21.80000,3.02194,0.00194,0.99768,0.00009,0.00028
21.90000,3.02194,0.00159,0.99788,0.00017,0.00036
22.00000,3.02194,0.00126,0.99831,0.00011,0.00031
22.10000,3.02194,0.00082,0.99891,0.00005,0.00021
22.20000,3.02194,0.00054,0.99932,0.00002,0.00012
22.30000,3.02194,0.00061,0.99925,0.00002,0.00011
22.40000,3.02194,0.00077,0.99907,0.00003,0.00013
22.50000,3.02194,0.00058,0.99927,0.00003,0.00012
22.60000,3.02194,0.00079,0.99905,0.00004,0.00012
22.70000,3.02194,0.00065,0.99914,0.00005,0.00016
22.80000,3.02194,0.00076,0.99905,0.00005,0.00015
22.90000,3.02194,0.00089,0.99891,0.00006,0.00014
23.00000,3.02194,0.00097,0.99880,0.00007,0.00017
23.10000,3.02194,0.00061,0.99924,0.00003,0.00012
23.20000,3.02194,0.00083,0.99895,0.00005,0.00017
23.30000,3.02194,0.00076,0.99908,0.00004,0.00012
23.40000,3.02194,0.00079,0.99910,0.00002,0.00008
23.50000,3.02194,0.00056,0.99936,0.00001,0.00007
23.60000,3.02194,0.00051,0.99946,0.00000,0.00003
23.70000,3.02194,0.00037,0.99962,0.00000,0.00001
23.80000,3.02194,0.00038,0.99960,0.00000,0.00001
23.90000,3.02194,0.00041,0.99958,0.00000,0.00001
24.00000,3.02194,0.00047,0.99952,0.00000,0.00001
24.10000,3.02194,0.00085,0.99913,0.00000,0.00002
24.20000,3.02194,0.00121,0.99876,0.00000,0.00003
24.30000,3.02194,0.00197,0.99796,0.00001,0.00006
24.40000,3.02194,0.00192,0.99800,0.00001,0.00008
24.50000,3.02194,0.00315,0.99677,0.00001,0.00007
24.60000,3.02194,0.00254,0.99735,0.00001,0.00010
24.70000,3.02194,0.00241,0.99744,0.00001,0.00014
24.80000,3.02194,0.00214,0.99772,0.00001,0.00013
24.90000,3.02194,0.00255,0.99731,0.00001,0.00013
25.00000,3.02194,0.00283,0.99699,0.00001,0.00017
25.10000,3.02194,0.00255,0.99731,0.00001,0.00013
25.20000,3.02194,0.00313,0.99672,0.00001,0.00014
25.30000,3.02194,0.00184,0.99788,0.00002,0.00026
25.40000,3.02194,0.00118,0.99850,0.00003,0.00029
25.50000,3.02194,0.00057,0.99932,0.00001,0.00010
25.60000,3.02194,0.00041,0.99955,0.00000,0.00004
25.70000,3.02194,0.00060,0.99933,0.00000,0.00006
25.80000,3.02194,0.00047,0.99950,0.00000,0.00003
25.90000,3.02194,0.00061,0.99934,0.00000,0.00005
26.00000,3.02194,0.00042,0.99956,0.00000,0.00002
26.10000,3.02194,0.00067,0.99925,0.00001,0.00007
26.20000,3.02194,0.00127,0.99857,0.00003,0.00013
26.30000,3.02194,0.00074,0.99902,0.00005,0.00019
26.40000,3.02194,0.00071,0.99913,0.00003,0.00012
26.50000,3.02194,0.00087,0.99890,0.00006,0.00017
26.60000,3.02194,0.00098,0.99885,0.00004,0.00013
26.70000,3.02194,0.00073,0.99908,0.00004,0.00014
26.80000,3.02194,0.00069,0.99918,0.00003,0.00010
26.90000,3.02194,0.00072,0.99912,0.00003,0.00012
27.00000,3.02194,0.00084,0.99900,0.00004,0.00013
27.10000,3.02194,0.00127,0.99851,0.00006,0.00017
27.20000,3.02194,0.00114,0.99855,0.00008,0.00023
27.30000,3.02194,0.00148,0.99819,0.00009,0.00024
27.40000,3.02194,0.00196,0.99767,0.00010,0.00026
27.50000,3.02194,0.00222,0.99742,0.00009,0.00027
27.60000,3.02194,0.00234,0.99722,0.00010,0.00034
27.70000,3.02194,0.00233,0.99727,0.00009,0.00032
27.80000,3.02194,0.00358,0.99623,0.00002,0.00017
27.90000,3.02194,0.00306,0.99683,0.00001,0.00010
28.00000,3.02194,0.00278,0.99690,0.00003,0.00030
28.10000,3.02194,0.00240,0.99745,0.00001,0.00015
28.20000,3.02194,0.00334,0.99646,0.00001,0.00019
28.30000,3.02194,0.00375,0.99606,0.00001,0.00018
28.40000,3.02194,0.00262,0.99718,0.00002,0.00019
28.50000,3.02194,0.00176,0.99803,0.00002,0.00019
28.60000,3.02194,0.00118,0.99860,0.00002,0.00020
28.70000,3.02194,0.00253,0.99701,0.00008,0.00038
28.80000,3.02194,0.00180,0.99765,0.00012,0.00043
28.90000,3.02194,0.00191,0.99763,0.00010,0.00035
29.00000,3.02194,0.00197,0.99750,0.00015,0.00037
29.10000,3.02194,0.00184,0.99740,0.00027,0.00048
29.20000,3.02194,0.00120,0.99823,0.00013,0.00045
29.30000,3.02194,0.00145,0.99807,0.00010,0.00038
29.40000,3.02194,0.00159,0.99758,0.00018,0.00065
29.50000,3.02194,0.00117,0.99820,0.00017,0.00047
29.60000,3.02194,0.00124,0.99822,0.00012,0.00042
29.70000,3.02194,0.00096,0.99857,0.00011,0.00036
29.80000,3.02194,0.00076,0.99892,0.00006,0.00026
29.90000,3.02194,0.00069,0.99904,0.00006,0.00021
30.00000,3.02194,0.00054,0.99928,0.00003,0.00016
30.10000,3.02194,0.00068,0.99918,0.00003,0.00011
30.20000,3.02194,0.00070,0.99909,0.00005,0.00017
30.30000,3.02194,0.00130,0.99838,0.00010,0.00022
30.40000,3.02194,0.00080,0.99896,0.00006,0.00018
30.50000,3.02194,0.00104,0.99869,0.00008,0.00019
30.60000,3.02194,0.00075,0.99906,0.00005,0.00015
30.70000,3.02194,0.00090,0.99889,0.00006,0.00016
30.80000,3.02194,0.00075,0.99903,0.00005,0.00017
30.90000,3.02194,0.00080,0.99901,0.00005,0.00015
31.00000,3.02194,0.00069,0.99914,0.00004,0.00013
31.10000,3.02194,0.00076,0.99905,0.00004,0.00014
31.20000,3.02194,0.00063,0.99919,0.00004,0.00014
31.30000,3.02194,0.00054,0.99937,0.00002,0.00008
31.40000,3.02194,0.00039,0.99958,0.00000,0.00003
31.50000,3.02194,0.00039,0.99959,0.00000,0.00003
31.60000,3.02194,0.00046,0.99951,0.00000,0.00002
31.70000,3.02194,0.00035,0.99963,0.00000,0.00002
31.80000,3.02194,0.00040,0.99957,0.00000,0.00003
31.90000,3.02194,0.00033,0.99965,0.00000,0.00002
32.00000,3.02194,0.00040,0.99958,0.00000,0.00002
32.10000,3.02194,0.00034,0.99964,0.00000,0.00002
32.20000,3.02194,0.00041,0.99956,0.00000,0.00003
32.30000,3.02194,0.00033,0.99965,0.00000,0.00002
32.40000,3.02193,0.00027,0.99970,0.00000,0.00002
32.50000,3.02194,0.00036,0.99961,0.00000,0.00004
32.60000,3.02194,0.00035,0.99962,0.00000,0.00003
32.70000,3.02194,0.00035,0.99961,0.00000,0.00004
32.80000,3.02194,0.00032,0.99966,0.00000,0.00002
32.90000,3.02193,0.00029,0.99968,0.00000,0.00003
33.00000,3.02194,0.00032,0.99965,0.00000,0.00002
33.10000,3.02194,0.00028,0.99970,0.00000,0.00002
33.20000,3.02194,0.00045,0.99952,0.00000,0.00003
33.30000,3.02194,0.00031,0.99966,0.00000,0.00003
33.40000,3.02193,0.00032,0.99966,0.00000,0.00002
33.50000,3.02194,0.00030,0.99967,0.00000,0.00003
33.60000,3.02194,0.00021,0.99977,0.00000,0.00002
33.70000,3.02194,0.00029,0.99968,0.00000,0.00002
33.80000,3.02194,0.00028,0.99970,0.00000,0.00002
33.90000,3.02193,0.00034,0.99964,0.00000,0.00002
34.00000,3.02194,0.00034,0.99963,0.00000,0.00003
34.10000,3.02194,0.00028,0.99970,0.00000,0.00002
34.20000,3.02194,0.00021,0.99978,0.00000,0.00002
34.30000,3.02194,0.00022,0.99976,0.00000,0.00002
34.40000,3.02193,0.00034,0.99963,0.00000,0.00003
34.50000,3.02194,0.00032,0.99965,0.00000,0.00003
34.60000,3.02194,0.00023,0.99975,0.00000,0.00002
34.70000,3.02194,0.00029,0.99969,0.00000,0.00003
34.80000,3.02194,0.00023,0.99974,0.00000,0.00002
34.90000,3.02193,0.00023,0.99975,0.00000,0.00002
35.00000,3.02194,0.00023,0.99975,0.00000,0.00002
35.10000,3.02194,0.00024,0.99975,0.00000,0.00001
35.20000,3.02194,0.00029,0.99967,0.00000,0.00003
35.30000,3.02194,0.00035,0.99963,0.00000,0.00002
35.40000,3.02193,0.00024,0.99974,0.00000,0.00002
35.50000,3.02194,0.00027,0.99971,0.00000,0.00002
35.60000,3.02194,0.00021,0.99978,0.00000,0.00001
35.70000,3.02194,0.00022,0.99976,0.00000,0.00002
35.80000,3.02194,0.00023,0.99976,0.00000,0.00002
35.90000,3.02193,0.00044,0.99953,0.00000,0.00003
36.00000,3.02194,0.00026,0.99972,0.00000,0.00002
36.10000,3.02194,0.00025,0.99974,0.00000,0.00001
36.20000,3.02194,0.00021,0.99978,0.00000,0.00001
36.30000,3.02194,0.00019,0.99980,0.00000,0.00001
36.40000,3.02193,0.00025,0.99974,0.00000,0.00001
36.50000,3.02194,0.00030,0.99969,0.00000,0.00001
36.60000,3.02194,0.00022,0.99977,0.00000,0.00001
36.70000,3.02194,0.00027,0.99972,0.00000,0.00002
36.80000,3.02194,0.00021,0.99978,0.00000,0.00001
36.90000,3.02193,0.00026,0.99972,0.00000,0.00002
37.00000,3.02194,0.00026,0.99972,0.00000,0.00002
37.10000,3.02194,0.00023,0.99975,0.00000,0.00002
37.20000,3.02194,0.00030,0.99969,0.00000,0.00001
37.30000,3.02194,0.00031,0.99968,0.00000,0.00001
37.40000,3.02193,0.00023,0.99975,0.00000,0.00002
37.50000,3.02194,0.00026,0.99973,0.00000,0.00001
37.60000,3.02194,0.00022,0.99977,0.00000,0.00001
37.70000,3.02194,0.00037,0.99961,0.00000,0.00002
37.80000,3.02194,0.00026,0.99973,0.00000,0.00001
37.90000,3.02193,0.00027,0.99972,0.00000,0.00001
38.00000,3.02194,0.00026,0.99973,0.00000,0.00001
38.10000,3.02194,0.00033,0.99964,0.00000,0.00002
38.20000,3.02194,0.00036,0.99962,0.00000,0.00002
38.30000,3.02194,0.00031,0.99968,0.00000,0.00002
38.40000,3.02193,0.00041,0.99957,0.00000,0.00002
38.50000,3.02194,0.00041,0.99956,0.00000,0.00003
38.60000,3.02194,0.00038,0.99958,0.00000,0.00003
38.70000,3.02194,0.00032,0.99965,0.00000,0.00003
38.80000,3.02194,0.00035,0.99960,0.00000,0.00004
38.90000,3.02193,0.00026,0.99971,0.00000,0.00002
39.00000,3.02194,0.00035,0.99962,0.00000,0.00003
39.10000,3.02194,0.00030,0.99967,0.00000,0.00003
39.20000,3.02194,0.00030,0.99967,0.00000,0.00002
39.30000,3.02194,0.00026,0.99973,0.00000,0.00001
39.40000,3.02193,0.00034,0.99965,0.00000,0.00002
39.50000,3.02194,0.00026,0.99972,0.00000,0.00001
39.60000,3.02194,0.00028,0.99971,0.00000,0.00001
39.70000,3.02194,0.00038,0.99961,0.00000,0.00002
39.80000,3.02194,0.00031,0.99968,0.00000,0.00001
39.90000,3.02193,0.00039,0.99959,0.00000,0.00002
40.00000,3.02194,0.00033,0.99965,0.00000,0.00002
40.10000,3.02194,0.00048,0.99949,0.00000,0.00003
40.20000,3.02194,0.00036,0.99961,0.00000,0.00002
40.30000,3.02194,0.00038,0.99959,0.00000,0.00003
40.40000,3.02193,0.00041,0.99955,0.00000,0.00004
40.50000,3.02194,0.00040,0.99957,0.00000,0.00003
40.60000,3.02194,0.00031,0.99968,0.00000,0.00001
40.70000,3.02194,0.00022,0.99977,0.00000,0.00001
40.80000,3.02194,0.00025,0.99974,0.00000,0.00001
40.90000,3.02193,0.00024,0.99975,0.00000,0.00001
41.00000,3.02194,0.00036,0.99963,0.00000,0.00001
41.10000,3.02194,0.00038,0.99961,0.00000,0.00002
41.20000,3.02194,0.00070,0.99928,0.00000,0.00002
41.30000,3.02194,0.00091,0.99905,0.00000,0.00004
41.40000,3.02193,0.00107,0.99886,0.00001,0.00006
41.50000,3.02194,0.00170,0.99822,0.00001,0.00007
41.60000,3.02194,0.00228,0.99760,0.00001,0.00010
41.70000,3.02194,0.00272,0.99719,0.00001,0.00009
41.80000,3.02194,0.00335,0.99653,0.00001,0.00011
41.90000,3.02193,0.00343,0.99640,0.00001,0.00016
42.00000,3.02194,0.00352,0.99626,0.00001,0.00021
42.10000,3.02194,0.00456,0.99503,0.00003,0.00038
42.20000,3.02194,0.00489,0.99428,0.00009,0.00073
42.30000,3.02194,0.00480,0.99433,0.00009,0.00077
42.40000,3.02193,0.00384,0.99525,0.00010,0.00080
42.50000,3.02194,0.00367,0.99548,0.00009,0.00076
42.60000,3.02194,0.00394,0.99531,0.00009,0.00065
42.70000,3.02194,0.00375,0.99534,0.00015,0.00076
42.80000,3.02194,0.00384,0.99523,0.00013,0.00080
42.90000,3.02193,0.00350,0.99553,0.00015,0.00082
43.00000,3.02194,0.00322,0.99589,0.00016,0.00073
43.10000,3.02194,0.00328,0.99598,0.00010,0.00064
43.20000,3.02194,0.00400,0.99533,0.00012,0.00055
43.30000,3.02194,0.00389,0.99540,0.00013,0.00058
43.40000,3.02193,0.00419,0.99516,0.00012,0.00052
43.50000,3.02194,0.00332,0.99588,0.00012,0.00068
43.60000,3.02194,0.00473,0.99451,0.00015,0.00061
43.70000,3.02194,0.00479,0.99444,0.00022,0.00056
43.80000,3.02194,0.00401,0.99546,0.00013,0.00040
43.90000,3.02193,0.00353,0.99595,0.00013,0.00039
44.00000,3.02194,0.00371,0.99591,0.00008,0.00030
44.10000,3.02194,0.00399,0.99558,0.00012,0.00031
44.20000,3.02194,0.00436,0.99510,0.00015,0.00039
44.30000,3.02194,0.00425,0.99524,0.00013,0.00037
44.40000,3.02193,0.00422,0.99520,0.00015,0.00044
44.50000,3.02194,0.00396,0.99557,0.00010,0.00037
44.60000,3.02194,0.00493,0.99446,0.00020,0.00041
44.70000,3.02194,0.00520,0.99415,0.00021,0.00044
44.80000,3.02194,0.00515,0.99414,0.00023,0.00048
44.90000,3.02193,0.01231,0.98693,0.00027,0.00049
45.00000,3.02194,0.07273,0.92651,0.00013,0.00063
45.10000,3.02194,0.38609,0.61310,0.00011,0.00070
45.20000,3.02194,0.77085,0.22872,0.00008,0.00035
45.30000,3.02194,0.87927,0.12046,0.00007,0.00020
45.40000,3.02193,0.93679,0.06304,0.00006,0.00011
45.50000,3.02194,0.95971,0.04017,0.00005,0.00008
45.60000,3.02194,0.97421,0.02569,0.00005,0.00005
45.70000,3.02194,0.98008,0.01983,0.00005,0.00004
45.80000,3.02194,0.98407,0.01585,0.00004,0.00003
45.90000,3.02193,0.98575,0.01418,0.00004,0.00003
46.00000,3.02194,0.98702,0.01291,0.00004,0.00003
46.10000,3.02194,0.98769,0.01224,0.00004,0.00003
46.20000,3.02194,0.98824,0.01170,0.00004,0.00003
46.30000,3.02194,0.98848,0.01146,0.00004,0.00002
46.40000,3.02193,0.98871,0.01122,0.00004,0.00002
46.50000,3.02194,0.98882,0.01111,0.00004,0.00002
46.60000,3.02194,0.98895,0.01098,0.00004,0.00002
46.70000,3.02194,0.98901,0.01093,0.00004,0.00002
46.80000,3.02194,0.98908,0.01086,0.00004,0.00002
46.90000,3.02193,0.98910,0.01083,0.00004,0.00002
47.00000,3.02194,0.98923,0.01070,0.00004,0.00003
47.10000,3.02194,0.98922,0.01071,0.00004,0.00003
47.20000,3.02194,0.98915,0.01077,0.00005,0.00003
47.30000,3.02194,0.98918,0.01074,0.00005,0.00003
47.40000,3.02193,0.98891,0.01099,0.00005,0.00005
47.50000,3.02194,0.98563,0.01418,0.00008,0.00011
47.60000,3.02194,0.99012,0.00967,0.00008,0.00013
47.70000,3.02194,0.94109,0.05529,0.00069,0.00293
47.80000,3.02194,0.92814,0.05180,0.00821,0.01186
47.90000,3.02193,0.99260,0.00521,0.00155,0.00063
48.00000,3.02194,0.97116,0.02575,0.00197,0.00112
48.10000,3.02194,0.94022,0.05856,0.00025,0.00097
48.20000,3.02194,0.93738,0.06065,0.00076,0.00122
48.30000,3.02194,0.95570,0.04316,0.00043,0.00071
48.40000,3.02193,0.90339,0.09526,0.00019,0.00115
48.50000,3.02194,0.98078,0.01874,0.00017,0.00031
48.60000,3.02194,0.93657,0.06294,0.00013,0.00036
48.70000,3.02194,0.86283,0.13657,0.00008,0.00052
48.80000,3.02194,0.82469,0.17420,0.00022,0.00089
48.90000,3.02193,0.82517,0.17357,0.00025,0.00102
49.00000,3.02194,0.84411,0.15500,0.00018,0.00072
49.10000,3.02194,0.93049,0.06896,0.00011,0.00045
49.20000,3.02194,0.96435,0.03541,0.00007,0.00017
49.30000,3.02194,0.95900,0.04067,0.00011,0.00022
49.40000,3.02193,0.88675,0.11295,0.00006,0.00024
49.50000,3.02194,0.91462,0.08515,0.00004,0.00018
49.60000,3.02194,0.86640,0.13331,0.00005,0.00024
49.70000,3.02194,0.89308,0.10633,0.00024,0.00035
49.80000,3.02194,0.97540,0.02450,0.00005,0.00005
49.90000,3.02193,0.98492,0.01500,0.00005,0.00003
50.00000,3.02194,0.98574,0.01418,0.00004,0.00003
50.10000,3.02194,0.98599,0.01394,0.00004,0.00003
50.20000,3.02194,0.97873,0.02119,0.00004,0.00005
50.30000,3.02194,0.94558,0.05403,0.00008,0.00031
50.40000,3.02193,0.98012,0.01976,0.00003,0.00008
50.50000,3.02194,0.89657,0.10305,0.00007,0.00030
50.60000,3.02194,0.91745,0.08223,0.00006,0.00026
50.70000,3.02194,0.94297,0.05677,0.00004,0.00022
50.80000,3.02194,0.94578,0.05386,0.00005,0.00031
50.90000,3.02193,0.87418,0.12531,0.00008,0.00043
51.00000,3.02194,0.92825,0.07139,0.00005,0.00031
51.10000,3.02194,0.92380,0.07578,0.00007,0.00035
51.20000,3.02194,0.92694,0.07265,0.00007,0.00034
51.30000,3.02194,0.93253,0.06702,0.00010,0.00035
51.40000,3.02193,0.94169,0.05787,0.00010,0.00033
51.50000,3.02194,0.91472,0.08493,0.00006,0.00029
51.60000,3.02194,0.88135,0.11789,0.00035,0.00042
51.70000,3.02194,0.97110,0.02869,0.00010,0.00011
51.80000,3.02194,0.97961,0.02020,0.00010,0.00009
51.90000,3.02193,0.97460,0.02511,0.00016,0.00013
52.00000,3.02194,0.98403,0.01585,0.00007,0.00005
52.10000,3.02194,0.81160,0.18785,0.00007,0.00048
52.20000,3.02194,0.95824,0.04158,0.00008,0.00011
52.30000,3.02194,0.98032,0.01958,0.00006,0.00005
52.40000,3.02193,0.72304,0.27632,0.00005,0.00059
52.50000,3.02194,0.68094,0.31807,0.00009,0.00089
52.60000,3.02194,0.71119,0.28754,0.00018,0.00109
52.70000,3.02194,0.71093,0.28816,0.00011,0.00080
52.80000,3.02194,0.71889,0.28043,0.00009,0.00059
52.90000,3.02193,0.66831,0.33065,0.00011,0.00092
53.00000,3.02194,0.76471,0.23409,0.00026,0.00095
53.10000,3.02194,0.94910,0.05070,0.00008,0.00012
53.20000,3.02194,0.67702,0.32202,0.00008,0.00087
53.30000,3.02194,0.60494,0.39333,0.00022,0.00151
53.40000,3.02193,0.47882,0.51927,0.00018,0.00173
53.50000,3.02194,0.47064,0.52802,0.00009,0.00125
53.60000,3.02194,0.50303,0.49563,0.00010,0.00124
53.70000,3.02194,0.34377,0.65459,0.00014,0.00151
53.80000,3.02194,0.59479,0.40340,0.00023,0.00158
53.90000,3.02193,0.82463,0.17484,0.00011,0.00042
54.00000,3.02194,0.28968,0.70915,0.00005,0.00112
54.10000,3.02194,0.29889,0.69939,0.00007,0.00165
54.20000,3.02194,0.21973,0.77847,0.00006,0.00174
54.30000,3.02194,0.29387,0.70356,0.00014,0.00243
54.40000,3.02193,0.24180,0.75624,0.00009,0.00188
54.50000,3.02194,0.74119,0.25775,0.00010,0.00096
54.60000,3.02194,0.64133,0.35782,0.00009,0.00077
54.70000,3.02194,0.39755,0.60124,0.00010,0.00111
54.80000,3.02194,0.58867,0.41004,0.00009,0.00120
54.90000,3.02193,0.33695,0.66180,0.00013,0.00112
55.00000,3.02194,0.14603,0.85263,0.00010,0.00124
55.10000,3.02194,0.32189,0.67680,0.00006,0.00125
55.20000,3.02194,0.14351,0.85549,0.00009,0.00091
55.30000,3.02194,0.11262,0.88563,0.00010,0.00165
55.40000,3.02193,0.08964,0.90913,0.00015,0.00108
55.50000,3.02194,0.12436,0.87451,0.00010,0.00103
55.60000,3.02194,0.08677,0.91237,0.00013,0.00073
55.70000,3.02194,0.13141,0.86737,0.00014,0.00108
55.80000,3.02194,0.14351,0.85525,0.00015,0.00109
55.90000,3.02193,0.16875,0.83006,0.00020,0.00099
56.00000,3.02194,0.13244,0.86634,0.00026,0.00096
56.10000,3.02194,0.03254,0.96639,0.00027,0.00080
56.20000,3.02194,0.03320,0.96595,0.00018,0.00067
56.30000,3.02194,0.04319,0.95606,0.00012,0.00063
56.40000,3.02193,0.03028,0.96918,0.00015,0.00039
