Time (seconds), Duration (seconds),pred_unlabelled,pred_Chainsaw,pred_Standby,pred_Human
0.00000,3.02194,0.01218,0.98780,0.00000,0.00002
0.10000,3.02194,0.01267,0.98730,0.00000,0.00002
0.20000,3.02194,0.01433,0.98565,0.00000,0.00002
0.30000,3.02194,0.01470,0.98528,0.00000,0.00002
0.40000,3.02194,0.01632,0.98366,0.00000,0.00001
0.50000,3.02194,0.01694,0.98305,0.00000,0.00001
0.60000,3.02194,0.01736,0.98263,0.00000,0.00001
0.70000,3.02194,0.01731,0.98268,0.00000,0.00001
0.80000,3.02194,0.01709,0.98289,0.00000,0.00002
0.90000,3.02194,0.01639,0.98359,0.00000,0.00002
1.00000,3.02194,0.01739,0.98259,0.00000,0.00001
1.10000,3.02194,0.01739,0.98260,0.00000,0.00001
1.20000,3.02194,0.01757,0.98242,0.00000,0.00002
1.30000,3.02194,0.01761,0.98237,0.00000,0.00002
1.40000,3.02194,0.01719,0.98279,0.00000,0.00002
1.50000,3.02194,0.01666,0.98332,0.00000,0.00002
1.60000,3.02194,0.01131,0.98859,0.00001,0.00009
1.70000,3.02194,0.00921,0.99075,0.00000,0.00005
1.80000,3.02194,0.01002,0.98994,0.00000,0.00003
1.90000,3.02194,0.01058,0.98940,0.00000,0.00002
2.00000,3.02194,0.01042,0.98956,0.00000,0.00002
2.10000,3.02194,0.01096,0.98903,0.00000,0.00002
2.20000,3.02194,0.01161,0.98838,0.00000,0.00001
2.30000,3.02194,0.01134,0.98864,0.00000,0.00001
2.40000,3.02194,0.01162,0.98837,0.00000,0.00001
2.50000,3.02194,0.01161,0.98838,0.00000,0.00001
2.60000,3.02194,0.01117,0.98882,0.00000,0.00001
2.70000,3.02194,0.01038,0.98959,0.00000,0.00002
2.80000,3.02194,0.00858,0.99138,0.00000,0.00004
2.90000,3.02194,0.00766,0.99231,0.00000,0.00003
3.00000,3.02194,0.00364,0.99633,0.00000,0.00003
3.10000,3.02194,0.00518,0.99479,0.00000,0.00003
3.20000,3.02194,0.00828,0.99164,0.00000,0.00007
3.30000,3.02194,0.01170,0.98806,0.00002,0.00022
3.40000,3.02194,0.01671,0.98302,0.00001,0.00026
3.50000,3.02194,0.01928,0.98034,0.00002,0.00035
3.60000,3.02194,0.02131,0.97835,0.00001,0.00032
3.70000,3.02194,0.01270,0.98672,0.00002,0.00056
3.80000,3.02194,0.00729,0.99234,0.00001,0.00036
3.90000,3.02194,0.00452,0.99545,0.00000,0.00003
4.00000,3.02194,0.00377,0.99620,0.00000,0.00003
4.10000,3.02194,0.01058,0.98933,0.00000,0.00009
4.20000,3.02194,0.01655,0.98322,0.00001,0.00022
4.30000,3.02194,0.01902,0.98066,0.00001,0.00031
4.40000,3.02194,0.02543,0.97421,0.00001,0.00035
4.50000,3.02194,0.02666,0.97286,0.00001,0.00047
4.60000,3.02194,0.02486,0.97363,0.00006,0.00144
4.70000,3.02194,0.02441,0.97428,0.00007,0.00124
4.80000,3.02194,0.02322,0.97489,0.00016,0.00172
4.90000,3.02194,0.02236,0.97589,0.00012,0.00163
5.00000,3.02194,0.02196,0.97634,0.00012,0.00158
5.10000,3.02194,0.02330,0.97444,0.00016,0.00210
5.20000,3.02194,0.02157,0.97605,0.00025,0.00213
5.30000,3.02194,0.01552,0.98147,0.00012,0.00288
5.40000,3.02194,0.01064,0.98803,0.00011,0.00122
5.50000,3.02194,0.01051,0.98848,0.00006,0.00095
5.60000,3.02194,0.00743,0.99183,0.00005,0.00069
5.70000,3.02194,0.00832,0.99098,0.00004,0.00065
5.80000,3.02194,0.00593,0.99341,0.00006,0.00060
5.90000,3.02194,0.00641,0.99291,0.00006,0.00062
6.00000,3.02194,0.00672,0.99238,0.00012,0.00078
6.10000,3.02194,0.00789,0.99116,0.00015,0.00080
6.20000,3.02194,0.00763,0.99149,0.00011,0.00078
6.30000,3.02194,0.00966,0.98978,0.00005,0.00052
6.40000,3.02194,0.00743,0.99208,0.00004,0.00045
6.50000,3.02194,0.00499,0.99483,0.00001,0.00016
6.60000,3.02194,0.00289,0.99705,0.00000,0.00006
6.70000,3.02194,0.00368,0.99630,0.00000,0.00002
6.80000,3.02194,0.00407,0.99591,0.00000,0.00002
6.90000,3.02194,0.00363,0.99635,0.00000,0.00002
7.00000,3.02194,0.00557,0.99440,0.00000,0.00003
7.10000,3.02194,0.00345,0.99651,0.00000,0.00004
7.20000,3.02194,0.00246,0.99750,0.00000,0.00004
7.30000,3.02194,0.00203,0.99793,0.00000,0.00004
7.40000,3.02194,0.00161,0.99838,0.00000,0.00001
7.50000,3.02194,0.00106,0.99893,0.00000,0.00001
7.60000,3.02194,0.00144,0.99855,0.00000,0.00001
7.70000,3.02194,0.00129,0.99868,0.00000,0.00003
7.80000,3.02194,0.00140,0.99859,0.00000,0.00001
7.90000,3.02194,0.00148,0.99851,0.00000,0.00001
8.00000,3.02194,0.00128,0.99872,0.00000,0.00000
8.10000,3.02194,0.00137,0.99862,0.00000,0.00001
8.20000,3.02194,0.00168,0.99830,0.00000,0.00002
8.30000,3.02194,0.00164,0.99834,0.00000,0.00002
8.40000,3.02194,0.00133,0.99863,0.00000,0.00003
8.50000,3.02194,0.00116,0.99882,0.00000,0.00002
8.60000,3.02194,0.00132,0.99865,0.00000,0.00003
8.70000,3.02194,0.00072,0.99922,0.00000,0.00005
8.80000,3.02194,0.00047,0.99952,0.00000,0.00001
8.90000,3.02194,0.00051,0.99949,0.00000,0.00001
9.00000,3.02194,0.00053,0.99946,0.00000,0.00001
9.10000,3.02194,0.00066,0.99931,0.00000,0.00003
9.20000,3.02194,0.00063,0.99935,0.00000,0.00001
9.30000,3.02194,0.00057,0.99942,0.00000,0.00001
9.40000,3.02194,0.00058,0.99941,0.00000,0.00001
9.50000,3.02194,0.00058,0.99941,0.00000,0.00001
9.60000,3.02194,0.00066,0.99933,0.00000,0.00001
9.70000,3.02194,0.00069,0.99929,0.00000,0.00002
9.80000,3.02194,0.00050,0.99949,0.00000,0.00002
9.90000,3.02194,0.00056,0.99943,0.00000,0.00001
10.00000,3.02194,0.00216,0.99776,0.00001,0.00008
10.10000,3.02194,0.00697,0.99292,0.00001,0.00011
10.20000,3.02194,0.00893,0.99082,0.00002,0.00023
10.30000,3.02194,0.01634,0.98335,0.00001,0.00030
10.40000,3.02194,0.01579,0.98385,0.00001,0.00035
10.50000,3.02194,0.02225,0.97728,0.00001,0.00046
10.60000,3.02194,0.01589,0.98363,0.00002,0.00046
10.70000,3.02194,0.02311,0.97610,0.00004,0.00075
10.80000,3.02194,0.02092,0.97865,0.00001,0.00041
10.90000,3.02194,0.02650,0.97280,0.00003,0.00067
11.00000,3.02194,0.02515,0.97406,0.00003,0.00076
11.10000,3.02194,0.02760,0.96977,0.00016,0.00247
11.20000,3.02194,0.01745,0.97649,0.00007,0.00599
11.30000,3.02194,0.02306,0.97479,0.00010,0.00204
11.40000,3.02194,0.01919,0.97930,0.00008,0.00143
11.50000,3.02194,0.02602,0.97281,0.00005,0.00111
11.60000,3.02194,0.02650,0.97321,0.00001,0.00029
11.70000,3.02194,0.02311,0.97657,0.00001,0.00031
11.80000,3.02194,0.01411,0.98567,0.00000,0.00021
11.90000,3.02194,0.01358,0.98620,0.00001,0.00021
12.00000,3.02194,0.00900,0.99078,0.00001,0.00021
12.10000,3.02194,0.01096,0.98858,0.00003,0.00043
12.20000,3.02194,0.01120,0.98867,0.00000,0.00012
12.30000,3.02194,0.01125,0.98865,0.00000,0.00010
12.40000,3.02194,0.00713,0.99279,0.00000,0.00008
12.50000,3.02194,0.00622,0.99370,0.00000,0.00007
12.60000,3.02194,0.00581,0.99415,0.00000,0.00003
12.70000,3.02194,0.00819,0.99178,0.00000,0.00003
12.80000,3.02194,0.00635,0.99363,0.00000,0.00002
12.90000,3.02194,0.00663,0.99335,0.00000,0.00003
13.00000,3.02194,0.00571,0.99425,0.00000,0.00004
13.10000,3.02194,0.00372,0.99624,0.00000,0.00004
13.20000,3.02194,0.00316,0.99677,0.00000,0.00006
13.30000,3.02194,0.00241,0.99758,0.00000,0.00002
13.40000,3.02194,0.00193,0.99806,0.00000,0.00001
13.50000,3.02194,0.00157,0.99842,0.00000,0.00001
13.60000,3.02194,0.00140,0.99858,0.00000,0.00002
13.70000,3.02194,0.00165,0.99830,0.00000,0.00005
13.80000,3.02194,0.00153,0.99846,0.00000,0.00001
13.90000,3.02194,0.00145,0.99855,0.00000,0.00000
14.00000,3.02194,0.00130,0.99869,0.00000,0.00001
14.10000,3.02194,0.00184,0.99815,0.00000,0.00001
14.20000,3.02194,0.00174,0.99824,0.00000,0.00002
14.30000,3.02194,0.00152,0.99843,0.00000,0.00004
14.40000,3.02194,0.00108,0.99888,0.00000,0.00003
14.50000,3.02194,0.00121,0.99876,0.00000,0.00003
14.60000,3.02194,0.00111,0.99884,0.00000,0.00005
14.70000,3.02194,0.00052,0.99946,0.00000,0.00002
14.80000,3.02194,0.00050,0.99950,0.00000,0.00000
14.90000,3.02194,0.00050,0.99949,0.00000,0.00001
15.00000,3.02194,0.00059,0.99939,0.00000,0.00001
15.10000,3.02194,0.00063,0.99935,0.00000,0.00002
15.20000,3.02194,0.00060,0.99938,0.00000,0.00002
15.30000,3.02194,0.00063,0.99936,0.00000,0.00001
15.40000,3.02194,0.00057,0.99942,0.00000,0.00001
15.50000,3.02194,0.00063,0.99936,0.00000,0.00001
15.60000,3.02194,0.00074,0.99923,0.00000,0.00003
15.70000,3.02194,0.00052,0.99947,0.00000,0.00001
15.80000,3.02194,0.00053,0.99946,0.00000,0.00001
15.90000,3.02194,0.00056,0.99943,0.00000,0.00001
16.00000,3.02194,0.00053,0.99947,0.00000,0.00001
16.10000,3.02194,0.00056,0.99943,0.00000,0.00001
16.20000,3.02194,0.00069,0.99930,0.00000,0.00000
16.30000,3.02194,0.00065,0.99934,0.00000,0.00001
16.40000,3.02194,0.00074,0.99926,0.00000,0.00000
16.50000,3.02194,0.00076,0.99924,0.00000,0.00001
16.60000,3.02194,0.00082,0.99917,0.00000,0.00000
16.70000,3.02194,0.00089,0.99911,0.00000,0.00000
16.80000,3.02194,0.00097,0.99903,0.00000,0.00000
16.90000,3.02194,0.00094,0.99906,0.00000,0.00000
17.00000,3.02194,0.00098,0.99902,0.00000,0.00000
17.10000,3.02194,0.00092,0.99908,0.00000,0.00000
17.20000,3.02194,0.00096,0.99904,0.00000,0.00000
17.30000,3.02194,0.00130,0.99870,0.00000,0.00000
17.40000,3.02194,0.00180,0.99820,0.00000,0.00000
17.50000,3.02194,0.00293,0.99707,0.00000,0.00001
17.60000,3.02194,0.00465,0.99534,0.00000,0.00001
17.70000,3.02194,0.00540,0.99459,0.00000,0.00001
17.80000,3.02194,0.00487,0.99512,0.00000,0.00002
17.90000,3.02194,0.00474,0.99525,0.00000,0.00001
18.00000,3.02194,0.00532,0.99466,0.00000,0.00002
18.10000,3.02194,0.00668,0.99330,0.00000,0.00002
18.20000,3.02194,0.00788,0.99209,0.00000,0.00003
18.30000,3.02194,0.00741,0.99257,0.00000,0.00002
18.40000,3.02194,0.00738,0.99260,0.00000,0.00002
18.50000,3.02194,0.00715,0.99283,0.00000,0.00002
18.60000,3.02194,0.01139,0.98859,0.00000,0.00002
18.70000,3.02194,0.01236,0.98762,0.00000,0.00003
18.80000,3.02194,0.01263,0.98735,0.00000,0.00003
18.90000,3.02194,0.01122,0.98874,0.00000,0.00004
19.00000,3.02194,0.01106,0.98892,0.00000,0.00003
19.10000,3.02194,0.01091,0.98906,0.00000,0.00004
19.20000,3.02194,0.00602,0.99379,0.00002,0.00017
19.30000,3.02194,0.00887,0.99063,0.00006,0.00044
19.40000,3.02194,0.00669,0.99289,0.00005,0.00037
19.50000,3.02194,0.00488,0.99494,0.00002,0.00016
19.60000,3.02194,0.00337,0.99656,0.00000,0.00007
19.70000,3.02194,0.00316,0.99681,0.00000,0.00003
19.80000,3.02194,0.00373,0.99625,0.00000,0.00001
19.90000,3.02194,0.00372,0.99627,0.00000,0.00001
20.00000,3.02194,0.00390,0.99609,0.00000,0.00001
20.10000,3.02194,0.00371,0.99628,0.00000,0.00001
20.20000,3.02194,0.00378,0.99620,0.00000,0.00001
20.30000,3.02194,0.00380,0.99619,0.00000,0.00001
20.40000,3.02194,0.00387,0.99612,0.00000,0.00001
20.50000,3.02194,0.00372,0.99626,0.00000,0.00001
20.60000,3.02194,0.00382,0.99617,0.00000,0.00001
20.70000,3.02194,0.00354,0.99645,0.00000,0.00001
20.80000,3.02194,0.00362,0.99637,0.00000,0.00001
20.90000,3.02194,0.00373,0.99626,0.00000,0.00001
21.00000,3.02194,0.00395,0.99605,0.00000,0.00001
21.10000,3.02194,0.00405,0.99594,0.00000,0.00001
21.20000,3.02194,0.00419,0.99580,0.00000,0.00001
21.30000,3.02194,0.00429,0.99570,0.00000,0.00001
21.40000,3.02194,0.00458,0.99541,0.00000,0.00001
21.50000,3.02194,0.00466,0.99533,0.00000,0.00001
21.60000,3.02194,0.00472,0.99527,0.00000,0.00001
21.70000,3.02194,0.00487,0.99512,0.00000,0.00001
21.80000,3.02194,0.00500,0.99499,0.00000,0.00001
21.90000,3.02194,0.00492,0.99507,0.00000,0.00001
22.00000,3.02194,0.00479,0.99520,0.00000,0.00001
22.10000,3.02194,0.00414,0.99584,0.00000,0.00002
22.20000,3.02194,0.00468,0.99528,0.00000,0.00003
22.30000,3.02194,0.00601,0.99398,0.00000,0.00002
22.40000,3.02194,0.00992,0.99006,0.00000,0.00002
22.50000,3.02194,0.01234,0.98764,0.00000,0.00002
22.60000,3.02194,0.01274,0.98723,0.00000,0.00002
22.70000,3.02194,0.01506,0.98492,0.00000,0.00002
22.80000,3.02194,0.01477,0.98521,0.00000,0.00002
22.90000,3.02194,0.01606,0.98393,0.00000,0.00001
23.00000,3.02194,0.01616,0.98382,0.00000,0.00001
23.10000,3.02194,0.01694,0.98305,0.00000,0.00001
23.20000,3.02194,0.01718,0.98280,0.00000,0.00001
23.30000,3.02194,0.01664,0.98335,0.00000,0.00002
23.40000,3.02194,0.01682,0.98317,0.00000,0.00001
23.50000,3.02194,0.01702,0.98297,0.00000,0.00001
23.60000,3.02194,0.01750,0.98249,0.00000,0.00001
23.70000,3.02194,0.01760,0.98239,0.00000,0.00001
23.80000,3.02194,0.01693,0.98305,0.00000,0.00002
23.90000,3.02194,0.01523,0.98475,0.00000,0.00003
24.00000,3.02194,0.01576,0.98416,0.00001,0.00007
24.10000,3.02194,0.00954,0.99038,0.00001,0.00008
24.20000,3.02194,0.00872,0.99124,0.00000,0.00004
24.30000,3.02194,0.01028,0.98970,0.00000,0.00002
24.40000,3.02194,0.01029,0.98969,0.00000,0.00002
24.50000,3.02194,0.01048,0.98951,0.00000,0.00002
24.60000,3.02194,0.01073,0.98925,0.00000,0.00001
24.70000,3.02194,0.01121,0.98878,0.00000,0.00001
24.80000,3.02194,0.01083,0.98916,0.00000,0.00001
24.90000,3.02194,0.01140,0.98859,0.00000,0.00001
25.00000,3.02194,0.01121,0.98878,0.00000,0.00001
25.10000,3.02194,0.01144,0.98855,0.00000,0.00001
25.20000,3.02194,0.01007,0.98990,0.00000,0.00002
25.30000,3.02194,0.00860,0.99137,0.00000,0.00003
25.40000,3.02194,0.00540,0.99457,0.00000,0.00003
25.50000,3.02194,0.00393,0.99606,0.00000,0.00002
25.60000,3.02194,0.00671,0.99325,0.00000,0.00004
25.70000,3.02194,0.00833,0.99154,0.00001,0.00012
25.80000,3.02194,0.01341,0.98636,0.00001,0.00021
25.90000,3.02194,0.01714,0.98250,0.00002,0.00034
26.00000,3.02194,0.02053,0.97919,0.00001,0.00027
26.10000,3.02194,0.01915,0.98041,0.00001,0.00043
26.20000,3.02194,0.00896,0.99065,0.00002,0.00037
26.30000,3.02194,0.00488,0.99498,0.00000,0.00013
26.40000,3.02194,0.00427,0.99570,0.00000,0.00003
26.50000,3.02194,0.00459,0.99539,0.00000,0.00003
26.60000,3.02194,0.00349,0.99648,0.00000,0.00003
26.70000,3.02194,0.00307,0.99691,0.00000,0.00003
26.80000,3.02194,0.00275,0.99722,0.00000,0.00003
26.90000,3.02194,0.00263,0.99735,0.00000,0.00002
27.00000,3.02194,0.00292,0.99706,0.00000,0.00002
27.10000,3.02194,0.00330,0.99668,0.00000,0.00002
27.20000,3.02194,0.00333,0.99665,0.00000,0.00002
27.30000,3.02194,0.00304,0.99695,0.00000,0.00001
27.40000,3.02194,0.00318,0.99681,0.00000,0.00001
27.50000,3.02194,0.00313,0.99686,0.00000,0.00001
27.60000,3.02194,0.00312,0.99687,0.00000,0.00001
27.70000,3.02194,0.00310,0.99689,0.00000,0.00001
27.80000,3.02194,0.00315,0.99684,0.00000,0.00001
27.90000,3.02194,0.00317,0.99683,0.00000,0.00001
28.00000,3.02194,0.00267,0.99732,0.00000,0.00001
28.10000,3.02194,0.00224,0.99775,0.00000,0.00001
28.20000,3.02194,0.00198,0.99800,0.00000,0.00001
28.30000,3.02194,0.00210,0.99789,0.00000,0.00001
28.40000,3.02194,0.00290,0.99708,0.00000,0.00002
28.50000,3.02194,0.00465,0.99533,0.00000,0.00002
28.60000,3.02194,0.00495,0.99501,0.00000,0.00003
28.70000,3.02194,0.00822,0.99174,0.00000,0.00004
28.80000,3.02194,0.00537,0.99460,0.00000,0.00003
28.90000,3.02194,0.00539,0.99459,0.00000,0.00002
29.00000,3.02194,0.00532,0.99466,0.00000,0.00002
29.10000,3.02194,0.00632,0.99366,0.00000,0.00002
29.20000,3.02194,0.01154,0.98844,0.00000,0.00002
29.30000,3.02194,0.01427,0.98571,0.00000,0.00003
29.40000,3.02194,0.01244,0.98753,0.00000,0.00003
29.50000,3.02194,0.01188,0.98807,0.00000,0.00004
29.60000,3.02194,0.01168,0.98829,0.00000,0.00003
29.70000,3.02194,0.01143,0.98852,0.00000,0.00005
29.80000,3.02194,0.00732,0.99230,0.00005,0.00032
29.90000,3.02194,0.01418,0.98514,0.00007,0.00062
30.00000,3.02194,0.00892,0.99055,0.00007,0.00046
30.10000,3.02194,0.00734,0.99246,0.00002,0.00018
30.20000,3.02194,0.00535,0.99455,0.00001,0.00009
30.30000,3.02194,0.00476,0.99520,0.00000,0.00004
30.40000,3.02194,0.00527,0.99471,0.00000,0.00002
30.50000,3.02194,0.00547,0.99451,0.00000,0.00001
30.60000,3.02194,0.00548,0.99450,0.00000,0.00001
30.70000,3.02194,0.00536,0.99463,0.00000,0.00001
30.80000,3.02194,0.00533,0.99466,0.00000,0.00001
30.90000,3.02194,0.00543,0.99455,0.00000,0.00001
31.00000,3.02194,0.00560,0.99439,0.00000,0.00001
31.10000,3.02194,0.00524,0.99475,0.00000,0.00001
31.20000,3.02194,0.00524,0.99475,0.00000,0.00001
31.30000,3.02194,0.00500,0.99498,0.00000,0.00001
31.40000,3.02194,0.00514,0.99484,0.00000,0.00001
31.50000,3.02194,0.00519,0.99480,0.00000,0.00001
31.60000,3.02194,0.00547,0.99452,0.00000,0.00001
31.70000,3.02194,0.00567,0.99432,0.00000,0.00001
31.80000,3.02194,0.00562,0.99437,0.00000,0.00001
31.90000,3.02194,0.00611,0.99388,0.00000,0.00001
32.00000,3.02194,0.00620,0.99379,0.00000,0.00001
32.10000,3.02194,0.00642,0.99356,0.00000,0.00001
32.20000,3.02194,0.00620,0.99379,0.00000,0.00001
32.30000,3.02194,0.00639,0.99360,0.00000,0.00001
32.40000,3.02193,0.00656,0.99343,0.00000,0.00001
32.50000,3.02194,0.00691,0.99308,0.00000,0.00001
32.60000,3.02194,0.00604,0.99394,0.00000,0.00001
32.70000,3.02194,0.00565,0.99433,0.00000,0.00002
32.80000,3.02194,0.00654,0.99342,0.00000,0.00004
32.90000,3.02193,0.00615,0.99383,0.00000,0.00002
33.00000,3.02194,0.01048,0.98950,0.00000,0.00002
33.10000,3.02194,0.01335,0.98664,0.00000,0.00002
33.20000,3.02194,0.01370,0.98628,0.00000,0.00002
33.30000,3.02194,0.01625,0.98374,0.00000,0.00002
33.40000,3.02193,0.01583,0.98415,0.00000,0.00002
33.50000,3.02194,0.01637,0.98362,0.00000,0.00002
33.60000,3.02194,0.01755,0.98244,0.00000,0.00001
33.70000,3.02194,0.01755,0.98244,0.00000,0.00001
33.80000,3.02194,0.01782,0.98216,0.00000,0.00001
33.90000,3.02193,0.01669,0.98329,0.00000,0.00002
34.00000,3.02194,0.01760,0.98239,0.00000,0.00001
34.10000,3.02194,0.01746,0.98252,0.00000,0.00001
34.20000,3.02194,0.01790,0.98209,0.00000,0.00001
34.30000,3.02194,0.01837,0.98161,0.00000,0.00002
34.40000,3.02193,0.01754,0.98244,0.00000,0.00002
34.50000,3.02194,0.01575,0.98422,0.00000,0.00003
34.60000,3.02194,0.01391,0.98601,0.00001,0.00008
34.70000,3.02194,0.00901,0.99090,0.00001,0.00008
34.80000,3.02194,0.00979,0.99017,0.00000,0.00004
34.90000,3.02193,0.01134,0.98865,0.00000,0.00002
35.00000,3.02194,0.01012,0.98985,0.00000,0.00002
35.10000,3.02194,0.01121,0.98878,0.00000,0.00001
35.20000,3.02194,0.01170,0.98829,0.00000,0.00001
35.30000,3.02194,0.01193,0.98806,0.00000,0.00001
35.40000,3.02193,0.01170,0.98829,0.00000,0.00001
35.50000,3.02194,0.01180,0.98819,0.00000,0.00001
35.60000,3.02194,0.01166,0.98833,0.00000,0.00001
35.70000,3.02194,0.01102,0.98896,0.00000,0.00001
35.80000,3.02194,0.01055,0.98942,0.00000,0.00002
35.90000,3.02193,0.00886,0.99111,0.00000,0.00003
36.00000,3.02194,0.00464,0.99532,0.00000,0.00003
36.10000,3.02194,0.00401,0.99598,0.00000,0.00002
36.20000,3.02194,0.00682,0.99313,0.00000,0.00004
36.30000,3.02194,0.01012,0.98973,0.00001,0.00014
36.40000,3.02193,0.01455,0.98519,0.00002,0.00025
36.50000,3.02194,0.01758,0.98207,0.00002,0.00033
36.60000,3.02194,0.01922,0.98018,0.00003,0.00057
36.70000,3.02194,0.01632,0.98310,0.00002,0.00056
36.80000,3.02194,0.00783,0.99184,0.00002,0.00031
36.90000,3.02193,0.00436,0.99550,0.00000,0.00014
37.00000,3.02194,0.00363,0.99634,0.00000,0.00003
37.10000,3.02194,0.00645,0.99337,0.00001,0.00018
37.20000,3.02194,0.01549,0.98430,0.00001,0.00020
37.30000,3.02194,0.01674,0.98287,0.00002,0.00037
37.40000,3.02193,0.02471,0.97480,0.00002,0.00048
37.50000,3.02194,0.02400,0.97562,0.00001,0.00036
37.60000,3.02194,0.02992,0.96910,0.00002,0.00096
37.70000,3.02194,0.02261,0.97656,0.00005,0.00078
37.80000,3.02194,0.02823,0.96809,0.00041,0.00327
37.90000,3.02193,0.08288,0.91473,0.00022,0.00217
38.00000,3.02194,0.42524,0.57206,0.00014,0.00256
38.10000,3.02194,0.60600,0.39234,0.00015,0.00151
38.20000,3.02194,0.82024,0.17928,0.00010,0.00039
38.30000,3.02194,0.90524,0.09453,0.00007,0.00017
38.40000,3.02193,0.94794,0.05191,0.00005,0.00010
38.50000,3.02194,0.96799,0.03190,0.00005,0.00006
38.60000,3.02194,0.97726,0.02265,0.00005,0.00005
38.70000,3.02194,0.98198,0.01794,0.00004,0.00004
38.80000,3.02194,0.98464,0.01528,0.00004,0.00003
38.90000,3.02193,0.98618,0.01375,0.00004,0.00003
39.00000,3.02194,0.98717,0.01277,0.00004,0.00003
39.10000,3.02194,0.98781,0.01212,0.00004,0.00003
39.20000,3.02194,0.98824,0.01169,0.00004,0.00003
39.30000,3.02194,0.98850,0.01143,0.00004,0.00002
39.40000,3.02193,0.96510,0.03475,0.00006,0.00009
39.50000,3.02194,0.93022,0.06936,0.00014,0.00028
39.60000,3.02194,0.89726,0.10248,0.00003,0.00023
39.70000,3.02194,0.75784,0.24085,0.00024,0.00107
39.80000,3.02194,0.82481,0.17429,0.00020,0.00070
39.90000,3.02193,0.94683,0.05291,0.00010,0.00017
40.00000,3.02194,0.73497,0.26355,0.00014,0.00134
40.10000,3.02194,0.73425,0.26325,0.00030,0.00220
40.20000,3.02194,0.72744,0.27124,0.00010,0.00122
40.30000,3.02194,0.72755,0.27110,0.00012,0.00123
40.40000,3.02193,0.79115,0.20795,0.00011,0.00078
40.50000,3.02194,0.79235,0.20606,0.00031,0.00128
40.60000,3.02194,0.86715,0.13159,0.00029,0.00096
40.70000,3.02194,0.91100,0.08860,0.00003,0.00037
40.80000,3.02194,0.85254,0.14562,0.00021,0.00163
40.90000,3.02193,0.75082,0.24573,0.00045,0.00300
41.00000,3.02194,0.77680,0.22134,0.00020,0.00167
41.10000,3.02194,0.76853,0.22973,0.00020,0.00154
41.20000,3.02194,0.75273,0.24597,0.00010,0.00120
41.30000,3.02194,0.74772,0.24993,0.00046,0.00189
41.40000,3.02193,0.88398,0.11493,0.00028,0.00082
41.50000,3.02194,0.96079,0.03889,0.00012,0.00019
41.60000,3.02194,0.64167,0.35660,0.00011,0.00162
41.70000,3.02194,0.49739,0.49921,0.00026,0.00315
41.80000,3.02194,0.53466,0.46321,0.00011,0.00202
41.90000,3.02193,0.33940,0.65810,0.00012,0.00237
42.00000,3.02194,0.33971,0.65843,0.00009,0.00177
42.10000,3.02194,0.33089,0.66740,0.00015,0.00156
42.20000,3.02194,0.16541,0.83299,0.00008,0.00152
42.30000,3.02194,0.08279,0.91584,0.00007,0.00130
42.40000,3.02193,0.15700,0.84089,0.00009,0.00201
42.50000,3.02194,0.06715,0.93169,0.00008,0.00108
42.60000,3.02194,0.03772,0.96151,0.00006,0.00071
42.70000,3.02194,0.11149,0.88695,0.00013,0.00143
42.80000,3.02194,0.06928,0.92987,0.00008,0.00077
42.90000,3.02193,0.07692,0.92181,0.00015,0.00113
43.00000,3.02194,0.07664,0.92212,0.00011,0.00113
43.10000,3.02194,0.06977,0.92914,0.00018,0.00090
43.20000,3.02194,0.08491,0.91403,0.00010,0.00096
43.30000,3.02194,0.06614,0.93289,0.00017,0.00080
43.40000,3.02193,0.06957,0.92947,0.00017,0.00079
43.50000,3.02194,0.12273,0.87639,0.00014,0.00074
43.60000,3.02194,0.07708,0.92213,0.00010,0.00068
43.70000,3.02194,0.01427,0.98528,0.00010,0.00036
43.80000,3.02194,0.01529,0.98416,0.00014,0.00041
43.90000,3.02193,0.01504,0.98435,0.00015,0.00046
44.00000,3.02194,0.01303,0.98657,0.00009,0.00031
44.10000,3.02194,0.01804,0.98148,0.00011,0.00038
44.20000,3.02194,0.02859,0.97088,0.00011,0.00042
44.30000,3.02194,0.14939,0.84969,0.00019,0.00073
44.40000,3.02193,0.01220,0.98743,0.00007,0.00030
44.50000,3.02194,0.00090,0.99886,0.00005,0.00018
44.60000,3.02194,0.00160,0.99825,0.00004,0.00011
44.70000,3.02194,0.00224,0.99759,0.00005,0.00012
44.80000,3.02194,0.00279,0.99689,0.00011,0.00021
44.90000,3.02193,0.00343,0.99615,0.00010,0.00031
45.00000,3.02194,0.00295,0.99645,0.00008,0.00051
45.10000,3.02194,0.00194,0.99719,0.00014,0.00073
45.20000,3.02194,0.00133,0.99815,0.00011,0.00042
45.30000,3.02194,0.00107,0.99859,0.00007,0.00027
45.40000,3.02193,0.00102,0.99867,0.00006,0.00024
45.50000,3.02194,0.00123,0.99841,0.00009,0.00027
45.60000,3.02194,0.00192,0.99792,0.00005,0.00012
45.70000,3.02194,0.00233,0.99744,0.00007,0.00016
45.80000,3.02194,0.00275,0.99696,0.00008,0.00021
45.90000,3.02193,0.00333,0.99629,0.00010,0.00028
46.00000,3.02194,0.00369,0.99576,0.00012,0.00043
46.10000,3.02194,0.00461,0.99480,0.00009,0.00050
46.20000,3.02194,0.00268,0.99638,0.00014,0.00080
46.30000,3.02194,0.00193,0.99728,0.00017,0.00062
46.40000,3.02193,0.00160,0.99792,0.00010,0.00039
46.50000,3.02194,0.00131,0.99839,0.00006,0.00024
46.60000,3.02194,0.00121,0.99853,0.00006,0.00021
46.70000,3.02194,0.00207,0.99770,0.00006,0.00017
46.80000,3.02194,0.00279,0.99697,0.00007,0.00017
46.90000,3.02193,0.00323,0.99650,0.00006,0.00020
47.00000,3.02194,0.00325,0.99639,0.00010,0.00026
47.10000,3.02194,0.00378,0.99574,0.00012,0.00036
47.20000,3.02194,0.00404,0.99546,0.00009,0.00041
47.30000,3.02194,0.00496,0.99454,0.00008,0.00042
47.40000,3.02193,0.00265,0.99651,0.00015,0.00069
47.50000,3.02194,0.00177,0.99771,0.00009,0.00043
47.60000,3.02194,0.00166,0.99801,0.00006,0.00027
47.70000,3.02194,0.00171,0.99800,0.00005,0.00025
47.80000,3.02194,0.00174,0.99796,0.00006,0.00024
47.90000,3.02193,0.00187,0.99791,0.00006,0.00016
48.00000,3.02194,0.00209,0.99772,0.00005,0.00014
48.10000,3.02194,0.00265,0.99708,0.00007,0.00019
48.20000,3.02194,0.00297,0.99673,0.00008,0.00023
48.30000,3.02194,0.00349,0.99615,0.00009,0.00027
48.40000,3.02193,0.00413,0.99537,0.00012,0.00037
48.50000,3.02194,0.00542,0.99401,0.00010,0.00047
48.60000,3.02194,0.00688,0.99247,0.00010,0.00056
48.70000,3.02194,0.00361,0.99555,0.00010,0.00074
48.80000,3.02194,0.00295,0.99622,0.00013,0.00070
48.90000,3.02193,0.00246,0.99706,0.00008,0.00040
49.00000,3.02194,0.00184,0.99772,0.00008,0.00036
49.10000,3.02194,0.00105,0.99866,0.00006,0.00024
49.20000,3.02194,0.00097,0.99878,0.00005,0.00020
49.30000,3.02194,0.00090,0.99892,0.00003,0.00015
49.40000,3.02193,0.00097,0.99883,0.00004,0.00016
49.50000,3.02194,0.00156,0.99822,0.00006,0.00016
49.60000,3.02194,0.00201,0.99781,0.00005,0.00013
49.70000,3.02194,0.00313,0.99666,0.00006,0.00015
49.80000,3.02194,0.00384,0.99587,0.00008,0.00021
49.90000,3.02193,0.00400,0.99566,0.00008,0.00026
50.00000,3.02194,0.00482,0.99476,0.00010,0.00032
50.10000,3.02194,0.00424,0.99535,0.00009,0.00033
50.20000,3.02194,0.00410,0.99549,0.00008,0.00033
50.30000,3.02194,0.00119,0.99825,0.00012,0.00045
50.40000,3.02193,0.00086,0.99884,0.00006,0.00025
50.50000,3.02194,0.00086,0.99890,0.00005,0.00019
50.60000,3.02194,0.00165,0.99816,0.00005,0.00014
50.70000,3.02194,0.00219,0.99760,0.00006,0.00015
50.80000,3.02194,0.00297,0.99677,0.00007,0.00019
50.90000,3.02193,0.00297,0.99671,0.00008,0.00024
51.00000,3.02194,0.00259,0.99697,0.00011,0.00033
51.10000,3.02194,0.00156,0.99789,0.00013,0.00043
51.20000,3.02194,0.00123,0.99842,0.00008,0.00028
51.30000,3.02194,0.00117,0.99840,0.00010,0.00032
51.40000,3.02193,0.00112,0.99861,0.00006,0.00021
51.50000,3.02194,0.00079,0.99902,0.00004,0.00015
51.60000,3.02194,0.00067,0.99909,0.00006,0.00017
51.70000,3.02194,0.00079,0.99893,0.00008,0.00020
51.80000,3.02194,0.00079,0.99889,0.00010,0.00022
51.90000,3.02193,0.00077,0.99890,0.00010,0.00023
52.00000,3.02194,0.00071,0.99904,0.00007,0.00017
52.10000,3.02194,0.00066,0.99908,0.00007,0.00019
52.20000,3.02194,0.00065,0.99911,0.00006,0.00018
52.30000,3.02194,0.00066,0.99910,0.00006,0.00018
52.40000,3.02193,0.00076,0.99899,0.00007,0.00018
52.50000,3.02194,0.00072,0.99907,0.00006,0.00016
52.60000,3.02194,0.00081,0.99899,0.00006,0.00014
52.70000,3.02194,0.00081,0.99899,0.00005,0.00015
52.80000,3.02194,0.00077,0.99904,0.00005,0.00014
52.90000,3.02193,0.00067,0.99921,0.00003,0.00010
53.00000,3.02194,0.00060,0.99936,0.00000,0.00003
53.10000,3.02194,0.00045,0.99953,0.00000,0.00002
53.20000,3.02194,0.00037,0.99960,0.00000,0.00003
53.30000,3.02194,0.00037,0.99960,0.00000,0.00003
53.40000,3.02193,0.00040,0.99957,0.00000,0.00003
53.50000,3.02194,0.00030,0.99968,0.00000,0.00002
53.60000,3.02194,0.00044,0.99953,0.00000,0.00002
53.70000,3.02194,0.00045,0.99952,0.00000,0.00003
53.80000,3.02194,0.00031,0.99967,0.00000,0.00002
53.90000,3.02193,0.00023,0.99975,0.00000,0.00002
54.00000,3.02194,0.00017,0.99982,0.00000,0.00001
54.10000,3.02194,0.00050,0.99949,0.00000,0.00001
54.20000,3.02194,0.00074,0.99924,0.00000,0.00001
54.30000,3.02194,0.00092,0.99906,0.00000,0.00002
54.40000,3.02193,0.00138,0.99859,0.00000,0.00003
54.50000,3.02194,0.00176,0.99820,0.00000,0.00004
54.60000,3.02194,0.00211,0.99784,0.00000,0.00005
54.70000,3.02194,0.00251,0.99743,0.00000,0.00006
54.80000,3.02194,0.00318,0.99674,0.00000,0.00007
54.90000,3.02193,0.00357,0.99632,0.00001,0.00011
55.00000,3.02194,0.00416,0.99557,0.00002,0.00025
55.10000,3.02194,0.00447,0.99492,0.00007,0.00054
55.20000,3.02194,0.00436,0.99499,0.00007,0.00058
55.30000,3.02194,0.00499,0.99437,0.00006,0.00058
55.40000,3.02193,0.00407,0.99522,0.00007,0.00065
55.50000,3.02194,0.00200,0.99738,0.00007,0.00054
55.60000,3.02194,0.00144,0.99798,0.00009,0.00049
55.70000,3.02194,0.00119,0.99834,0.00009,0.00038
55.80000,3.02194,0.00101,0.99856,0.00007,0.00035
55.90000,3.02193,0.00103,0.99857,0.00009,0.00031
56.00000,3.02194,0.00091,0.99877,0.00007,0.00025
56.10000,3.02194,0.00088,0.99877,0.00009,0.00026
