Time,Duration,unlabelled,Chainsaw,Standby,Human
0.0,12.08,0.0,1.0,0.0,0.0
0.1,12.08,0.0,1.0,0.0,0.0
0.2,12.08,0.0,1.0,0.0,0.0
0.3,12.08,0.0,1.0,0.0,0.0
0.4,12.08,0.0,1.0,0.0,0.0
0.5,12.08,0.0,1.0,0.0,0.0
0.6,12.08,0.0,1.0,0.0,0.0
0.7,12.08,0.0,1.0,0.0,0.0
0.8,12.08,0.0,1.0,0.0,0.0
0.9,12.08,0.0,1.0,0.0,0.0
1.0,12.08,0.0,1.0,0.0,0.0
1.1,12.08,0.0,1.0,0.0,0.0
1.2,12.08,0.0,1.0,0.0,0.0
1.3,12.08,0.0,1.0,0.0,0.0
1.4,12.08,0.0,1.0,0.0,0.0
1.5,12.08,0.0,1.0,0.0,0.0
1.6,12.08,0.0,1.0,0.0,0.0
1.7,12.08,0.0,1.0,0.0,0.0
1.8,12.08,0.0,1.0,0.0,0.0
1.9,12.08,0.0,1.0,0.0,0.0
2.0,12.08,0.0,1.0,0.0,0.0
2.1,12.08,0.0,1.0,0.0,0.0
2.2,12.08,0.0,1.0,0.0,0.0
2.3,12.08,0.0,1.0,0.0,0.0
2.4,12.08,0.0,1.0,0.0,0.0
2.5,12.08,0.0,1.0,0.0,0.0
2.6,12.08,0.0,1.0,0.0,0.0
2.7,12.08,0.0,1.0,0.0,0.0
2.8,12.08,0.0,1.0,0.0,0.0
2.9,12.08,0.0,1.0,0.0,0.0
3.0,12.08,0.0,1.0,0.0,0.0
3.0219,12.08,0.0,1.0,0.0,0.0
3.1,12.08,0.0,1.0,0.0,0.0
3.1219,12.08,0.0,1.0,0.0,0.0
3.2,12.08,0.0,1.0,0.0,0.0
3.2219,12.08,0.0,1.0,0.0,0.0
3.3,12.08,0.0,1.0,0.0,0.0
3.3219,12.08,0.0,1.0,0.0,0.0
3.4,12.08,0.0,1.0,0.0,0.0
3.4219,12.08,0.0,1.0,0.0,0.0
3.5,12.08,0.0,1.0,0.0,0.0
3.5219,12.08,0.0,1.0,0.0,0.0
3.6,12.08,0.0,1.0,0.0,0.0
3.6219,12.08,0.0,1.0,0.0,0.0
3.7,12.08,0.0,1.0,0.0,0.0
3.7219,12.08,0.0,1.0,0.0,0.0
3.8,12.08,0.0,1.0,0.0,0.0
3.8219,12.08,0.0,1.0,0.0,0.0
3.9,12.08,0.0,1.0,0.0,0.0
3.9219,12.08,0.0,1.0,0.0,0.0
4.0,12.08,0.0,1.0,0.0,0.0
4.0219,12.08,0.0,1.0,0.0,0.0
4.1,12.08,0.0,1.0,0.0,0.0
4.1219,12.08,0.0,1.0,0.0,0.0
4.2,12.08,0.0,1.0,0.0,0.0
4.2219,12.08,0.0,1.0,0.0,0.0
4.3,12.08,0.0,1.0,0.0,0.0
4.3219,12.08,0.0,1.0,0.0,0.0
4.4,12.08,0.0,1.0,0.0,0.0
4.4219,12.08,0.0,1.0,0.0,0.0
4.5,12.08,0.0,1.0,0.0,0.0
4.5219,12.08,0.0,1.0,0.0,0.0
4.6,12.08,0.0,1.0,0.0,0.0
4.6219,12.08,0.0,1.0,0.0,0.0
4.7,12.08,0.0,1.0,0.0,0.0
4.7219,12.08,0.0,1.0,0.0,0.0
4.8,12.08,0.0,1.0,0.0,0.0
4.8219,12.08,0.0,1.0,0.0,0.0
4.9,12.08,0.0,1.0,0.0,0.0
4.9219,12.08,0.0,1.0,0.0,0.0
5.0,12.08,0.0,1.0,0.0,0.0
5.0219,12.08,0.0,1.0,0.0,0.0
5.1,12.08,0.0,1.0,0.0,0.0
5.1219,12.08,0.0,1.0,0.0,0.0
5.2,12.08,0.0,1.0,0.0,0.0
5.2219,12.08,0.0,1.0,0.0,0.0
5.3,12.08,0.0,1.0,0.0,0.0
5.3219,12.08,0.0,1.0,0.0,0.0
5.4,12.08,0.0,1.0,0.0,0.0
5.4219,12.08,0.0,1.0,0.0,0.0
5.5,12.08,0.0,1.0,0.0,0.0
5.5219,12.08,0.0,1.0,0.0,0.0
5.6,12.08,0.0,1.0,0.0,0.0
5.6219,12.08,0.0,1.0,0.0,0.0
5.7,12.08,0.0,1.0,0.0,0.0
5.7219,12.08,0.0,1.0,0.0,0.0
5.8,12.08,0.0,1.0,0.0,0.0
5.8219,12.08,0.0,1.0,0.0,0.0
5.9,12.08,0.0,1.0,0.0,0.0
5.9219,12.08,0.0,1.0,0.0,0.0
6.0,12.08,0.0,1.0,0.0,0.0
6.0219,12.08,0.0,1.0,0.0,0.0
6.1,12.08,0.0,1.0,0.0,0.0
6.1219,12.08,0.0,1.0,0.0,0.0
6.2,12.08,0.0,1.0,0.0,0.0
6.2219,12.08,0.0,1.0,0.0,0.0
6.3,12.08,0.0,1.0,0.0,0.0
6.3219,12.08,0.0,1.0,0.0,0.0
6.4,12.08,0.0,1.0,0.0,0.0
6.4219,12.08,0.0,1.0,0.0,0.0
6.5,12.08,0.0,1.0,0.0,0.0
6.5219,12.08,0.0,1.0,0.0,0.0
6.6,12.08,0.0,1.0,0.0,0.0
6.6219,12.08,0.0,1.0,0.0,0.0
6.7,12.08,0.0,1.0,0.0,0.0
6.7219,12.08,0.0,1.0,0.0,0.0
6.8,12.08,0.0,1.0,0.0,0.0
6.8219,12.08,0.0,1.0,0.0,0.0
6.9,12.08,0.0,1.0,0.0,0.0
6.9219,12.08,0.0,1.0,0.0,0.0
7.0,12.08,0.0,1.0,0.0,0.0
7.0219,12.08,0.0,1.0,0.0,0.0
7.1,12.08,0.0,1.0,0.0,0.0
7.1219,12.08,0.0,1.0,0.0,0.0
7.2,12.08,0.0,1.0,0.0,0.0
7.2219,12.08,0.0,1.0,0.0,0.0
7.3,12.08,0.0,1.0,0.0,0.0
7.3219,12.08,0.0,1.0,0.0,0.0
7.4,12.08,0.0,1.0,0.0,0.0
7.4219,12.08,0.0,1.0,0.0,0.0
7.5,12.08,0.0,1.0,0.0,0.0
7.5219,12.08,0.0,1.0,0.0,0.0
7.6,12.08,0.0,1.0,0.0,0.0
7.6219,12.08,0.0,1.0,0.0,0.0
7.7,12.08,0.0,1.0,0.0,0.0
7.7219,12.08,0.0,1.0,0.0,0.0
7.8,12.08,0.0,1.0,0.0,0.0
7.8219,12.08,0.0,1.0,0.0,0.0
7.9,12.08,0.0,1.0,0.0,0.0
7.9219,12.08,0.0,1.0,0.0,0.0
8.0,12.08,0.0,1.0,0.0,0.0
8.0219,12.08,0.0,1.0,0.0,0.0
8.1,12.08,0.0,1.0,0.0,0.0
8.1219,12.08,0.0,1.0,0.0,0.0
8.2,12.08,0.0,1.0,0.0,0.0
8.2219,12.08,0.0,1.0,0.0,0.0
8.3,12.08,0.0,1.0,0.0,0.0
8.3219,12.08,0.0,1.0,0.0,0.0
8.4,12.08,0.0,1.0,0.0,0.0
8.4219,12.08,0.0,1.0,0.0,0.0
8.5,12.08,0.0,1.0,0.0,0.0
8.5219,12.08,0.0,1.0,0.0,0.0
8.6,12.08,0.0,1.0,0.0,0.0
8.6219,12.08,0.0,1.0,0.0,0.0
8.7,12.08,0.0,1.0,0.0,0.0
8.7219,12.08,0.0,1.0,0.0,0.0
8.8,12.08,0.0,1.0,0.0,0.0
8.8219,12.08,0.0,1.0,0.0,0.0
8.9,12.08,0.0,1.0,0.0,0.0
8.9219,12.08,0.0,1.0,0.0,0.0
9.0,12.08,0.0,1.0,0.0,0.0
9.0219,12.08,0.0,1.0,0.0,0.0
9.1,12.08,0.0,1.0,0.0,0.0
9.1219,12.08,0.0,1.0,0.0,0.0
9.2,12.08,0.0,1.0,0.0,0.0
9.2219,12.08,0.0,1.0,0.0,0.0
9.3,12.08,0.0,1.0,0.0,0.0
9.3219,12.08,0.0,1.0,0.0,0.0
9.4,12.08,0.0,1.0,0.0,0.0
9.4219,12.08,0.0,1.0,0.0,0.0
9.5,12.08,0.0,1.0,0.0,0.0
9.5219,12.08,0.0,1.0,0.0,0.0
9.6,12.08,0.0,1.0,0.0,0.0
9.6219,12.08,0.0,1.0,0.0,0.0
9.7,12.08,0.0,1.0,0.0,0.0
9.7219,12.08,0.0,1.0,0.0,0.0
9.8,12.08,0.0,1.0,0.0,0.0
9.8219,12.08,0.0,1.0,0.0,0.0
9.9,12.08,0.0,1.0,0.0,0.0
9.9219,12.08,0.0,1.0,0.0,0.0
10.0,12.08,0.0,1.0,0.0,0.0
10.0219,12.08,0.0,1.0,0.0,0.0
10.1,12.08,0.0,1.0,0.0,0.0
10.1219,12.08,0.0,1.0,0.0,0.0
10.2,12.08,0.0,1.0,0.0,0.0
10.2219,12.08,0.0,1.0,0.0,0.0
10.3,12.08,0.0,1.0,0.0,0.0
10.3219,12.08,0.0,1.0,0.0,0.0
10.4,12.08,0.0,1.0,0.0,0.0
10.4219,12.08,0.0,1.0,0.0,0.0
10.5,12.08,0.0,1.0,0.0,0.0
10.5219,12.08,0.0,1.0,0.0,0.0
10.6,12.08,0.0,1.0,0.0,0.0
10.6219,12.08,0.0,1.0,0.0,0.0
10.7,12.08,0.0,1.0,0.0,0.0
10.7219,12.08,0.0,1.0,0.0,0.0
10.8,12.08,0.0,1.0,0.0,0.0
10.8219,12.08,0.0,1.0,0.0,0.0
10.9,12.08,0.0,1.0,0.0,0.0
10.9219,12.08,0.0,1.0,0.0,0.0
11.0,12.08,0.0,1.0,0.0,0.0
11.0219,12.08,0.0,1.0,0.0,0.0
11.1,12.08,0.0,1.0,0.0,0.0
11.1219,12.08,0.0,1.0,0.0,0.0
11.2,12.08,0.0,1.0,0.0,0.0
11.2219,12.08,0.0,1.0,0.0,0.0
11.3,12.08,0.0,1.0,0.0,0.0
11.3219,12.08,0.0,1.0,0.0,0.0
11.4,12.08,0.0,1.0,0.0,0.0
11.4219,12.08,0.0,1.0,0.0,0.0
11.5,12.08,0.0,1.0,0.0,0.0
11.5219,12.08,0.0,1.0,0.0,0.0
11.6,12.08,0.0,1.0,0.0,0.0
11.6219,12.08,0.0,1.0,0.0,0.0
11.7,12.08,0.0,1.0,0.0,0.0
11.7219,12.08,0.0,1.0,0.0,0.0
11.8,12.08,0.0,1.0,0.0,0.0
11.8219,12.08,0.0,1.0,0.0,0.0
11.9,12.08,0.0,1.0,0.0,0.0
11.9219,12.08,0.0,1.0,0.0,0.0
12.0,12.08,0.0,1.0,0.0,0.0
12.0219,12.08,0.0,1.0,0.0,0.0
12.1,12.08,0.0,1.0,0.0,0.0
12.1219,12.08,0.0,1.0,0.0,0.0
12.2,12.08,0.0,1.0,0.0,0.0
12.2219,12.08,0.0,1.0,0.0,0.0
12.3,12.08,0.0,1.0,0.0,0.0
12.3219,12.08,0.0,1.0,0.0,0.0
12.4,12.08,0.0,1.0,0.0,0.0
12.4219,12.08,0.0,1.0,0.0,0.0
12.5,12.08,0.0,1.0,0.0,0.0
12.5219,12.08,0.0,1.0,0.0,0.0
12.6,12.08,0.0,1.0,0.0,0.0
12.6219,12.08,0.0,1.0,0.0,0.0
12.7,12.08,0.0,1.0,0.0,0.0
12.7219,12.08,0.0,1.0,0.0,0.0
12.8,12.08,0.0,1.0,0.0,0.0
12.8219,12.08,0.0,1.0,0.0,0.0
12.9,12.08,0.0,1.0,0.0,0.0
12.9219,12.08,0.0,1.0,0.0,0.0
13.0,12.08,0.0,1.0,0.0,0.0
13.0219,12.08,0.0,1.0,0.0,0.0
13.1,12.08,0.0,1.0,0.0,0.0
13.1219,12.08,0.0,1.0,0.0,0.0
13.2,12.08,0.0,1.0,0.0,0.0
13.2219,12.08,0.0,1.0,0.0,0.0
13.3,12.08,0.0,1.0,0.0,0.0
13.3219,12.08,0.0,1.0,0.0,0.0
13.4,12.08,0.0,1.0,0.0,0.0
13.4219,12.08,0.0,1.0,0.0,0.0
13.5,12.08,0.0,1.0,0.0,0.0
13.5219,12.08,0.0,1.0,0.0,0.0
13.6,12.08,0.0,1.0,0.0,0.0
13.6219,12.08,0.0,1.0,0.0,0.0
13.7,12.08,0.0,1.0,0.0,0.0
13.7219,12.08,0.0,1.0,0.0,0.0
13.8,12.08,0.0,1.0,0.0,0.0
13.8219,12.08,0.0,1.0,0.0,0.0
13.9,12.08,0.0,1.0,0.0,0.0
13.9219,12.08,0.0,1.0,0.0,0.0
14.0,12.08,0.0,1.0,0.0,0.0
14.0219,12.08,0.0,1.0,0.0,0.0
14.1,12.08,0.0,1.0,0.0,0.0
14.1219,12.08,0.0,1.0,0.0,0.0
14.2,12.08,0.0,1.0,0.0,0.0
14.2219,12.08,0.0,1.0,0.0,0.0
14.3,12.08,0.0,1.0,0.0,0.0
14.3219,12.08,0.0,1.0,0.0,0.0
14.4,12.08,0.0,1.0,0.0,0.0
14.4219,12.08,0.0,1.0,0.0,0.0
14.5,12.08,0.0,1.0,0.0,0.0
14.5219,12.08,0.0,1.0,0.0,0.0
14.6,12.08,0.0,1.0,0.0,0.0
14.6219,12.08,0.0,1.0,0.0,0.0
14.7,12.08,0.0,1.0,0.0,0.0
14.7219,12.08,0.0,1.0,0.0,0.0
14.8,12.08,0.0,1.0,0.0,0.0
14.8219,12.08,0.0,1.0,0.0,0.0
14.9,12.08,0.0,1.0,0.0,0.0
14.9219,12.08,0.0,1.0,0.0,0.0
15.0,12.08,0.0,1.0,0.0,0.0
15.0219,12.08,0.0,1.0,0.0,0.0
15.1,12.08,0.0,1.0,0.0,0.0
15.1219,12.08,0.0,1.0,0.0,0.0
15.2,12.08,0.0,1.0,0.0,0.0
15.2219,12.08,0.0,1.0,0.0,0.0
15.3,12.08,0.0,1.0,0.0,0.0
15.3219,12.08,0.0,1.0,0.0,0.0
15.4,12.08,0.0,1.0,0.0,0.0
15.4219,12.08,0.0,1.0,0.0,0.0
15.5,12.08,0.0,1.0,0.0,0.0
15.5219,12.08,0.0,1.0,0.0,0.0
15.6,12.08,0.0,1.0,0.0,0.0
15.6219,12.08,0.0,1.0,0.0,0.0
15.7,12.08,0.0,1.0,0.0,0.0
15.7219,12.08,0.0,1.0,0.0,0.0
15.8,12.08,0.0,1.0,0.0,0.0
15.8219,12.08,0.0,1.0,0.0,0.0
15.9,12.08,0.0,1.0,0.0,0.0
15.9219,12.08,0.0,1.0,0.0,0.0
16.0,12.08,0.0,1.0,0.0,0.0
16.0219,12.08,0.0,1.0,0.0,0.0
16.1,12.08,0.0,1.0,0.0,0.0
16.1219,12.08,0.0,1.0,0.0,0.0
16.2,12.08,0.0,1.0,0.0,0.0
16.2219,12.08,0.0,1.0,0.0,0.0
16.3,12.08,0.0,1.0,0.0,0.0
16.3219,12.08,0.0,1.0,0.0,0.0
16.4,12.08,0.0,1.0,0.0,0.0
16.4219,12.08,0.0,1.0,0.0,0.0
16.5,12.08,0.0,1.0,0.0,0.0
16.5219,12.08,0.0,1.0,0.0,0.0
16.6,12.08,0.0,1.0,0.0,0.0
16.6219,12.08,0.0,1.0,0.0,0.0
16.7,12.08,0.0,1.0,0.0,0.0
16.7219,12.08,0.0,1.0,0.0,0.0
16.8,12.08,0.0,1.0,0.0,0.0
16.8219,12.08,0.0,1.0,0.0,0.0
16.9,12.08,0.0,1.0,0.0,0.0
16.9219,12.08,0.0,1.0,0.0,0.0
17.0,12.08,0.0,1.0,0.0,0.0
17.0219,12.08,0.0,1.0,0.0,0.0
17.1,12.08,0.0,1.0,0.0,0.0
17.1219,12.08,0.0,1.0,0.0,0.0
17.2,12.08,0.0,1.0,0.0,0.0
17.2219,12.08,0.0,1.0,0.0,0.0
17.3,12.08,0.0,1.0,0.0,0.0
17.3219,12.08,0.0,1.0,0.0,0.0
17.4,12.08,0.0,1.0,0.0,0.0
17.4219,12.08,0.0,1.0,0.0,0.0
17.5,12.08,0.0,1.0,0.0,0.0
17.5219,12.08,0.0,1.0,0.0,0.0
17.6,12.08,0.0,1.0,0.0,0.0
17.6219,12.08,0.0,1.0,0.0,0.0
17.7,12.08,0.0,1.0,0.0,0.0
17.7219,12.08,0.0,1.0,0.0,0.0
17.8,12.08,0.0,1.0,0.0,0.0
17.8219,12.08,0.0,1.0,0.0,0.0
17.9,12.08,0.0,1.0,0.0,0.0
17.9219,12.08,0.0,1.0,0.0,0.0
18.0,12.08,0.0,1.0,0.0,0.0
18.0219,12.08,0.0,1.0,0.0,0.0
18.1,12.08,0.0,1.0,0.0,0.0
18.1219,12.08,0.0,1.0,0.0,0.0
18.2,12.08,0.0,1.0,0.0,0.0
18.2219,12.08,0.0,1.0,0.0,0.0
18.3,12.08,0.0,1.0,0.0,0.0
18.3219,12.08,0.0,1.0,0.0,0.0
18.4,12.08,0.0,1.0,0.0,0.0
18.4219,12.08,0.0,1.0,0.0,0.0
18.5,12.08,0.0,1.0,0.0,0.0
18.5219,12.08,0.0,1.0,0.0,0.0
18.6,12.08,0.0,1.0,0.0,0.0
18.6219,12.08,0.0,1.0,0.0,0.0
18.7,12.08,0.0,1.0,0.0,0.0
18.7219,12.08,0.0,1.0,0.0,0.0
18.8,12.08,0.0,1.0,0.0,0.0
18.8219,12.08,0.0,1.0,0.0,0.0
18.9,12.08,0.0,1.0,0.0,0.0
18.9219,12.08,0.0,1.0,0.0,0.0
19.0,12.08,0.0,1.0,0.0,0.0
19.0219,12.08,0.0,1.0,0.0,0.0
19.1,12.08,0.0,1.0,0.0,0.0
19.1219,12.08,0.0,1.0,0.0,0.0
19.2,12.08,0.0,1.0,0.0,0.0
19.2219,12.08,0.0,1.0,0.0,0.0
19.3,12.08,0.0,1.0,0.0,0.0
19.3219,12.08,0.0,1.0,0.0,0.0
19.4,12.08,0.0,1.0,0.0,0.0
19.4219,12.08,0.0,1.0,0.0,0.0
19.5,12.08,0.0,1.0,0.0,0.0
19.5219,12.08,0.0,1.0,0.0,0.0
19.6,12.08,0.0,1.0,0.0,0.0
19.6219,12.08,0.0,1.0,0.0,0.0
19.7,12.08,0.0,1.0,0.0,0.0
19.7219,12.08,0.0,1.0,0.0,0.0
19.8,12.08,0.0,1.0,0.0,0.0
19.8219,12.08,0.0,1.0,0.0,0.0
19.9,12.08,0.0,1.0,0.0,0.0
19.9219,12.08,0.0,1.0,0.0,0.0
20.0,12.08,0.0,1.0,0.0,0.0
20.0219,12.08,0.0,1.0,0.0,0.0
20.1,12.08,0.0,1.0,0.0,0.0
20.1219,12.08,0.0,1.0,0.0,0.0
20.2,12.08,0.0,1.0,0.0,0.0
20.2219,12.08,0.0,1.0,0.0,0.0
20.3,12.08,0.0,1.0,0.0,0.0
20.3219,12.08,0.0,1.0,0.0,0.0
20.4,12.08,0.0,1.0,0.0,0.0
20.4219,12.08,0.0,1.0,0.0,0.0
20.5,12.08,0.0,1.0,0.0,0.0
20.5219,12.08,0.0,1.0,0.0,0.0
20.6,12.08,0.0,1.0,0.0,0.0
20.6219,12.08,0.0,1.0,0.0,0.0
20.7,12.08,0.0,1.0,0.0,0.0
20.7219,12.08,0.0,1.0,0.0,0.0
20.8,12.08,0.0,1.0,0.0,0.0
20.8219,12.08,0.0,1.0,0.0,0.0
20.9,12.08,0.0,1.0,0.0,0.0
20.9219,12.08,0.0,1.0,0.0,0.0
21.0,12.08,0.0,1.0,0.0,0.0
21.0219,12.08,0.0,1.0,0.0,0.0
21.1,12.08,0.0,1.0,0.0,0.0
21.1219,12.08,0.0,1.0,0.0,0.0
21.2,12.08,0.0,1.0,0.0,0.0
21.2219,12.08,0.0,1.0,0.0,0.0
21.3,12.08,0.0,1.0,0.0,0.0
21.3219,12.08,0.0,1.0,0.0,0.0
21.4,12.08,0.0,1.0,0.0,0.0
21.4219,12.08,0.0,1.0,0.0,0.0
21.5,12.08,0.0,1.0,0.0,0.0
21.5219,12.08,0.0,1.0,0.0,0.0
21.6,12.08,0.0,1.0,0.0,0.0
21.6219,12.08,0.0,1.0,0.0,0.0
21.7,12.08,0.0,1.0,0.0,0.0
21.7219,12.08,0.0,1.0,0.0,0.0
21.8,12.08,0.0,1.0,0.0,0.0
21.8219,12.08,0.0,1.0,0.0,0.0
21.9,12.08,0.0,1.0,0.0,0.0
21.9219,12.08,0.0,1.0,0.0,0.0
22.0,12.08,0.0,1.0,0.0,0.0
22.0219,12.08,0.0,1.0,0.0,0.0
22.1,12.08,0.0,1.0,0.0,0.0
22.1219,12.08,0.0,1.0,0.0,0.0
22.2,12.08,0.0,1.0,0.0,0.0
22.2219,12.08,0.0,1.0,0.0,0.0
22.3,12.08,0.0,1.0,0.0,0.0
22.3219,12.08,0.0,1.0,0.0,0.0
22.4,12.08,0.0,1.0,0.0,0.0
22.4219,12.08,0.0,1.0,0.0,0.0
22.5,12.08,0.0,1.0,0.0,0.0
22.5219,12.08,0.0,1.0,0.0,0.0
22.6,12.08,0.0,1.0,0.0,0.0
22.6219,12.08,0.0,1.0,0.0,0.0
22.7,12.08,0.0,1.0,0.0,0.0
22.7219,12.08,0.0,1.0,0.0,0.0
22.8,12.08,0.0,1.0,0.0,0.0
22.8219,12.08,0.0,1.0,0.0,0.0
22.9,12.08,0.0,1.0,0.0,0.0
22.9219,12.08,0.0,1.0,0.0,0.0
23.0,12.08,0.0,1.0,0.0,0.0
23.0219,12.08,0.0,1.0,0.0,0.0
23.1,12.08,0.0,1.0,0.0,0.0
23.1219,12.08,0.0,1.0,0.0,0.0
23.2,12.08,0.0,1.0,0.0,0.0
23.2219,12.08,0.0,1.0,0.0,0.0
23.3,12.08,0.0,1.0,0.0,0.0
23.3219,12.08,0.0,1.0,0.0,0.0
23.4,12.08,0.0,1.0,0.0,0.0
23.4219,12.08,0.0,1.0,0.0,0.0
23.5,12.08,0.0,1.0,0.0,0.0
23.5219,12.08,0.0,1.0,0.0,0.0
23.6,12.08,0.0,1.0,0.0,0.0
23.6219,12.08,0.0,1.0,0.0,0.0
23.7,12.08,0.0,1.0,0.0,0.0
23.7219,12.08,0.0,1.0,0.0,0.0
23.8,12.08,0.0,1.0,0.0,0.0
23.8219,12.08,0.0,1.0,0.0,0.0
23.9,12.08,0.0,1.0,0.0,0.0
23.9219,12.08,0.0,1.0,0.0,0.0
24.0,12.08,0.0,1.0,0.0,0.0
24.0219,12.08,0.0,1.0,0.0,0.0
24.1,12.08,0.0,1.0,0.0,0.0
24.1219,12.08,0.0,1.0,0.0,0.0
24.2,12.08,0.0,1.0,0.0,0.0
24.2219,12.08,0.0,1.0,0.0,0.0
24.3,12.08,0.0,1.0,0.0,0.0
24.3219,12.08,0.0,1.0,0.0,0.0
24.4,12.08,0.0,1.0,0.0,0.0
24.4219,12.08,0.0,1.0,0.0,0.0
24.5,12.08,0.0,1.0,0.0,0.0
24.5219,12.08,0.0,1.0,0.0,0.0
24.6,12.08,0.0,1.0,0.0,0.0
24.6219,12.08,0.0,1.0,0.0,0.0
24.7,12.08,0.0,1.0,0.0,0.0
24.7219,12.08,0.0,1.0,0.0,0.0
24.8,12.08,0.0,1.0,0.0,0.0
24.8219,12.08,0.0,1.0,0.0,0.0
24.9,12.08,0.0,1.0,0.0,0.0
24.9219,12.08,0.0,1.0,0.0,0.0
25.0,12.08,0.0,1.0,0.0,0.0
25.0219,12.08,0.0,1.0,0.0,0.0
25.1,12.08,0.0,1.0,0.0,0.0
25.1219,12.08,0.0,1.0,0.0,0.0
25.2,12.08,0.0,1.0,0.0,0.0
25.2219,12.08,0.0,1.0,0.0,0.0
25.3,12.08,0.0,1.0,0.0,0.0
25.3219,12.08,0.0,1.0,0.0,0.0
25.4,12.08,0.0,1.0,0.0,0.0
25.4219,12.08,0.0,1.0,0.0,0.0
25.5,12.08,0.0,1.0,0.0,0.0
25.5219,12.08,0.0,1.0,0.0,0.0
25.6,12.08,0.0,1.0,0.0,0.0
25.6219,12.08,0.0,1.0,0.0,0.0
25.7,12.08,0.0,1.0,0.0,0.0
25.7219,12.08,0.0,1.0,0.0,0.0
25.8,12.08,0.0,1.0,0.0,0.0
25.8219,12.08,0.0,1.0,0.0,0.0
25.9,12.08,0.0,1.0,0.0,0.0
25.9219,12.08,0.0,1.0,0.0,0.0
26.0,12.08,0.0,1.0,0.0,0.0
26.0219,12.08,0.0,1.0,0.0,0.0
26.1,12.08,0.0,1.0,0.0,0.0
26.1219,12.08,0.0,1.0,0.0,0.0
26.2,12.08,0.0,1.0,0.0,0.0
26.2219,12.08,0.0,1.0,0.0,0.0
26.3,12.08,0.0,1.0,0.0,0.0
26.3219,12.08,0.0,1.0,0.0,0.0
26.4,12.08,0.0,1.0,0.0,0.0
26.4219,12.08,0.0,1.0,0.0,0.0
26.5,12.08,0.0,1.0,0.0,0.0
26.5219,12.08,0.0,1.0,0.0,0.0
26.6,12.08,0.0,1.0,0.0,0.0
26.6219,12.08,0.0,1.0,0.0,0.0
26.7,12.08,0.0,1.0,0.0,0.0
26.7219,12.08,0.0,1.0,0.0,0.0
26.8,12.08,0.0,1.0,0.0,0.0
26.8219,12.08,0.0,1.0,0.0,0.0
26.9,12.08,0.0,1.0,0.0,0.0
26.9219,12.08,0.0,1.0,0.0,0.0
27.0,12.08,0.0,1.0,0.0,0.0
27.0219,12.08,0.0,1.0,0.0,0.0
27.1,12.08,0.0,1.0,0.0,0.0
27.1219,12.08,0.0,1.0,0.0,0.0
27.2,12.08,0.0,1.0,0.0,0.0
27.2219,12.08,0.0,1.0,0.0,0.0
27.3,12.08,0.0,1.0,0.0,0.0
27.3219,12.08,0.0,1.0,0.0,0.0
27.4,12.08,0.0,1.0,0.0,0.0
27.4219,12.08,0.0,1.0,0.0,0.0
27.5,12.08,0.0,1.0,0.0,0.0
27.5219,12.08,0.0,1.0,0.0,0.0
27.6,12.08,0.0,1.0,0.0,0.0
27.6219,12.08,0.0,1.0,0.0,0.0
27.7,12.08,0.0,1.0,0.0,0.0
27.7219,12.08,0.0,1.0,0.0,0.0
27.8,12.08,0.0,1.0,0.0,0.0
27.8219,12.08,0.0,1.0,0.0,0.0
27.9,12.08,0.0,1.0,0.0,0.0
27.9219,12.08,0.0,1.0,0.0,0.0
28.0,12.08,0.0,1.0,0.0,0.0
28.0219,12.08,0.0,1.0,0.0,0.0
28.1,12.08,0.0,1.0,0.0,0.0
28.1219,12.08,0.0,1.0,0.0,0.0
28.2,12.08,0.0,1.0,0.0,0.0
28.2219,12.08,0.0,1.0,0.0,0.0
28.3,12.08,0.0,1.0,0.0,0.0
28.3219,12.08,0.0,1.0,0.0,0.0
28.4,12.08,0.0,1.0,0.0,0.0
28.4219,12.08,0.0,1.0,0.0,0.0
28.5,12.08,0.0,1.0,0.0,0.0
28.5219,12.08,0.0,1.0,0.0,0.0
28.6,12.08,0.0,1.0,0.0,0.0
28.6219,12.08,0.0,1.0,0.0,0.0
28.7,12.08,0.0,1.0,0.0,0.0
28.7219,12.08,0.0,1.0,0.0,0.0
28.8,12.08,0.0,1.0,0.0,0.0
28.8219,12.08,0.0,1.0,0.0,0.0
28.9,12.08,0.0,1.0,0.0,0.0
28.9219,12.08,0.0,1.0,0.0,0.0
29.0,12.08,0.0,1.0,0.0,0.0
29.0219,12.08,0.0,1.0,0.0,0.0
29.1,12.08,0.0,1.0,0.0,0.0
29.1219,12.08,0.0,1.0,0.0,0.0
29.2,12.08,0.0,1.0,0.0,0.0
29.2219,12.08,0.0,1.0,0.0,0.0
29.3,12.08,0.0,1.0,0.0,0.0
29.3219,12.08,0.0,1.0,0.0,0.0
29.4,12.08,0.0,1.0,0.0,0.0
29.4219,12.08,0.0,1.0,0.0,0.0
29.5,12.08,0.0,1.0,0.0,0.0
29.5219,12.08,0.0,1.0,0.0,0.0
29.6,12.08,0.0,1.0,0.0,0.0
29.6219,12.08,0.0,1.0,0.0,0.0
29.7,12.08,0.0,1.0,0.0,0.0
29.7219,12.08,0.0,1.0,0.0,0.0
29.8,12.08,0.0,1.0,0.0,0.0
29.8219,12.08,0.0,1.0,0.0,0.0
29.9,12.08,0.0,1.0,0.0,0.0
29.9219,12.08,0.0,1.0,0.0,0.0
30.0,12.08,0.0,1.0,0.0,0.0
30.0219,12.08,0.0,1.0,0.0,0.0
30.1,12.08,0.0,1.0,0.0,0.0
30.1219,12.08,0.0,1.0,0.0,0.0
30.2,12.08,0.0,1.0,0.0,0.0
30.2219,12.08,0.0,1.0,0.0,0.0
30.3,12.08,0.0,1.0,0.0,0.0
30.3219,12.08,0.0,1.0,0.0,0.0
30.4,12.08,0.0,1.0,0.0,0.0
30.4219,12.08,0.0,1.0,0.0,0.0
30.5,12.08,0.0,1.0,0.0,0.0
30.5219,12.08,0.0,1.0,0.0,0.0
30.6,12.08,0.0,1.0,0.0,0.0
30.6219,12.08,0.0,1.0,0.0,0.0
30.7,12.08,0.0,1.0,0.0,0.0
30.7219,12.08,0.0,1.0,0.0,0.0
30.8,12.08,0.0,1.0,0.0,0.0
30.8219,12.08,0.0,1.0,0.0,0.0
30.9,12.08,0.0,1.0,0.0,0.0
30.9219,12.08,0.0,1.0,0.0,0.0
31.0,12.08,0.0,1.0,0.0,0.0
31.0219,12.08,0.0,1.0,0.0,0.0
31.1,12.08,0.0,1.0,0.0,0.0
31.1219,12.08,0.0,1.0,0.0,0.0
31.2,12.08,0.0,1.0,0.0,0.0
31.2219,12.08,0.0,1.0,0.0,0.0
31.3,12.08,0.0,1.0,0.0,0.0
31.3219,12.08,0.0,1.0,0.0,0.0
31.4,12.08,0.0,1.0,0.0,0.0
31.4219,12.08,0.0,1.0,0.0,0.0
31.5,12.08,0.0,1.0,0.0,0.0
31.5219,12.08,0.0,1.0,0.0,0.0
31.6,12.08,0.0,1.0,0.0,0.0
31.6219,12.08,0.0,1.0,0.0,0.0
31.7,12.08,0.0,1.0,0.0,0.0
31.7219,12.08,0.0,1.0,0.0,0.0
31.8,12.08,0.0,1.0,0.0,0.0
31.8219,12.08,0.0,1.0,0.0,0.0
31.9,12.08,0.0,1.0,0.0,0.0
31.9219,12.08,0.0,1.0,0.0,0.0
32.0,12.08,0.0,1.0,0.0,0.0
32.0219,12.08,0.0,1.0,0.0,0.0
32.1,12.08,0.0,1.0,0.0,0.0
32.1219,12.08,0.0,1.0,0.0,0.0
32.2,12.08,0.0,1.0,0.0,0.0
32.2219,12.08,0.0,1.0,0.0,0.0
32.3,12.08,0.0,1.0,0.0,0.0
32.3219,12.08,0.0,1.0,0.0,0.0
32.4,12.08,0.0,1.0,0.0,0.0
32.4219,12.08,0.0,1.0,0.0,0.0
32.5,12.08,0.0,1.0,0.0,0.0
32.5219,12.08,0.0,1.0,0.0,0.0
32.6,12.08,0.0,1.0,0.0,0.0
32.6219,12.08,0.0,1.0,0.0,0.0
32.7,12.08,0.0,1.0,0.0,0.0
32.7219,12.08,0.0,1.0,0.0,0.0
32.8,12.08,0.0,1.0,0.0,0.0
32.8219,12.08,0.0,1.0,0.0,0.0
32.9,12.08,0.0,1.0,0.0,0.0
32.9219,12.08,0.0,1.0,0.0,0.0
33.0,12.08,0.0,1.0,0.0,0.0
33.0219,12.08,0.0,1.0,0.0,0.0
33.1,12.08,0.0,1.0,0.0,0.0
33.1219,12.08,0.0,1.0,0.0,0.0
33.2,12.08,0.0,1.0,0.0,0.0
33.2219,12.08,0.0,1.0,0.0,0.0
33.3,12.08,0.0,1.0,0.0,0.0
33.3219,12.08,0.0,1.0,0.0,0.0
33.4,12.08,0.0,1.0,0.0,0.0
33.4219,12.08,0.0,1.0,0.0,0.0
33.5,12.08,0.0,1.0,0.0,0.0
33.5219,12.08,0.0,1.0,0.0,0.0
33.6,12.08,0.0,1.0,0.0,0.0
33.6219,12.08,0.0,1.0,0.0,0.0
33.7,12.08,0.0,1.0,0.0,0.0
33.7219,12.08,0.0,1.0,0.0,0.0
33.8,12.08,0.0,1.0,0.0,0.0
33.8219,12.08,0.0,1.0,0.0,0.0
33.9,12.08,0.0,1.0,0.0,0.0
33.9219,12.08,0.0,1.0,0.0,0.0
34.0,12.08,0.0,1.0,0.0,0.0
34.0219,12.08,0.0,1.0,0.0,0.0
34.1,12.08,0.0,1.0,0.0,0.0
34.1219,12.08,0.0,1.0,0.0,0.0
34.2,12.08,0.0,1.0,0.0,0.0
34.2219,12.08,0.0,1.0,0.0,0.0
34.3,12.08,0.0,1.0,0.0,0.0
34.3219,12.08,0.0,1.0,0.0,0.0
34.4,12.08,0.0,1.0,0.0,0.0
34.4219,12.08,0.0,1.0,0.0,0.0
34.5,12.08,0.0,1.0,0.0,0.0
34.5219,12.08,0.0,1.0,0.0,0.0
34.6,12.08,0.0,1.0,0.0,0.0
34.6219,12.08,0.0,1.0,0.0,0.0
34.7,12.08,0.0,1.0,0.0,0.0
34.7219,12.08,0.0,1.0,0.0,0.0
34.8,12.08,0.0,1.0,0.0,0.0
34.8219,12.08,0.0,1.0,0.0,0.0
34.9,12.08,0.0,1.0,0.0,0.0
34.9219,12.08,0.0,1.0,0.0,0.0
35.0,12.08,0.0,1.0,0.0,0.0
35.0219,12.08,0.0,1.0,0.0,0.0
35.1,12.08,0.0,1.0,0.0,0.0
35.1219,12.08,0.0,1.0,0.0,0.0
35.2,12.08,0.0,1.0,0.0,0.0
35.2219,12.08,0.0,1.0,0.0,0.0
35.3,12.08,0.0,1.0,0.0,0.0
35.3219,12.08,0.0,1.0,0.0,0.0
35.4,12.08,0.0,1.0,0.0,0.0
35.4219,12.08,0.0,1.0,0.0,0.0
35.5,12.08,0.0,1.0,0.0,0.0
35.5219,12.08,0.0,1.0,0.0,0.0
35.6,12.08,0.0,1.0,0.0,0.0
35.6219,12.08,0.0,1.0,0.0,0.0
35.7,12.08,0.0,1.0,0.0,0.0
35.7219,12.08,0.0,1.0,0.0,0.0
35.8,12.08,0.0,1.0,0.0,0.0
35.8219,12.08,0.0,1.0,0.0,0.0
35.9,12.08,0.0,1.0,0.0,0.0
35.9219,12.08,0.0,1.0,0.0,0.0
36.0,12.08,0.0,1.0,0.0,0.0
36.0219,12.08,0.0,1.0,0.0,0.0
36.1,12.08,0.0,1.0,0.0,0.0
36.1219,12.08,0.0,1.0,0.0,0.0
36.2,12.08,0.0,1.0,0.0,0.0
36.2219,12.08,0.0,1.0,0.0,0.0
36.3,12.08,0.0,1.0,0.0,0.0
36.3219,12.08,0.0,1.0,0.0,0.0
36.4,12.08,0.0,1.0,0.0,0.0
36.4219,12.08,0.0,1.0,0.0,0.0
36.5,12.08,0.0,1.0,0.0,0.0
36.5219,12.08,0.0,1.0,0.0,0.0
36.6,12.08,0.0,1.0,0.0,0.0
36.6219,12.08,0.0,1.0,0.0,0.0
36.7,12.08,0.0,1.0,0.0,0.0
36.7219,12.08,0.0,1.0,0.0,0.0
36.8,12.08,0.0,1.0,0.0,0.0
36.8219,12.08,0.0,1.0,0.0,0.0
36.9,12.08,0.0,1.0,0.0,0.0
36.9219,12.08,0.0,1.0,0.0,0.0
37.0,12.08,0.0,1.0,0.0,0.0
37.0219,12.08,0.0,1.0,0.0,0.0
37.1,12.08,0.0,1.0,0.0,0.0
37.1219,12.08,0.0,1.0,0.0,0.0
37.2,12.08,0.0,1.0,0.0,0.0
37.2219,12.08,0.0,1.0,0.0,0.0
37.3,12.08,0.0,1.0,0.0,0.0
37.3219,12.08,0.0,1.0,0.0,0.0
37.4,12.08,0.0,1.0,0.0,0.0
37.4219,12.08,0.0,1.0,0.0,0.0
37.5,12.08,0.0,1.0,0.0,0.0
37.5219,12.08,0.0,1.0,0.0,0.0
37.6,12.08,0.0,1.0,0.0,0.0
37.6219,12.08,0.0,1.0,0.0,0.0
37.7,12.08,0.0,1.0,0.0,0.0
37.7219,12.08,0.0,1.0,0.0,0.0
37.8,12.08,0.0,1.0,0.0,0.0
37.8219,12.08,0.0,1.0,0.0,0.0
37.9,12.08,0.0,1.0,0.0,0.0
37.9219,12.08,0.0,1.0,0.0,0.0
38.0,12.08,0.0,1.0,0.0,0.0
38.0219,12.08,0.0,1.0,0.0,0.0
38.1,12.08,0.0,1.0,0.0,0.0
38.1219,12.08,0.0,1.0,0.0,0.0
38.2,12.08,0.0,1.0,0.0,0.0
38.2219,12.08,0.0,1.0,0.0,0.0
38.3,12.08,0.0,1.0,0.0,0.0
38.3219,12.08,0.0,1.0,0.0,0.0
38.4,12.08,0.0,1.0,0.0,0.0
38.4219,12.08,0.0,1.0,0.0,0.0
38.5,12.08,0.0,1.0,0.0,0.0
38.5219,12.08,0.0,1.0,0.0,0.0
38.6,12.08,0.0,1.0,0.0,0.0
38.6219,12.08,0.0,1.0,0.0,0.0
38.7,12.08,0.0,1.0,0.0,0.0
38.7219,12.08,0.0,1.0,0.0,0.0
38.8,12.08,0.0,1.0,0.0,0.0
38.8219,12.08,0.0,1.0,0.0,0.0
38.9,12.08,0.0,1.0,0.0,0.0
38.9219,12.08,0.0,1.0,0.0,0.0
39.0,12.08,0.0,1.0,0.0,0.0
39.0219,12.08,0.0,1.0,0.0,0.0
39.1,12.08,0.0,1.0,0.0,0.0
39.1219,12.08,0.0,1.0,0.0,0.0
39.2,12.08,0.0,1.0,0.0,0.0
39.2219,12.08,0.0,1.0,0.0,0.0
39.3,12.08,0.0,1.0,0.0,0.0
39.3219,12.08,0.0,1.0,0.0,0.0
39.4,12.08,0.0,1.0,0.0,0.0
39.4219,12.08,0.0,1.0,0.0,0.0
39.5,12.08,0.0,1.0,0.0,0.0
39.5219,12.08,0.0,1.0,0.0,0.0
39.6,12.08,0.0,1.0,0.0,0.0
39.6219,12.08,0.0,1.0,0.0,0.0
39.7,12.08,0.0,1.0,0.0,0.0
39.7219,12.08,0.0,1.0,0.0,0.0
39.8,12.08,0.0,1.0,0.0,0.0
39.8219,12.08,0.0,1.0,0.0,0.0
39.9,12.08,0.0,1.0,0.0,0.0
39.9219,12.08,0.0,1.0,0.0,0.0
40.0,12.08,0.0,1.0,0.0,0.0
40.0219,12.08,0.0,1.0,0.0,0.0
40.1,12.08,0.0,1.0,0.0,0.0
40.1219,12.08,0.0,1.0,0.0,0.0
40.2,12.08,0.0,1.0,0.0,0.0
40.2219,12.08,0.0,1.0,0.0,0.0
40.3,12.08,0.0,1.0,0.0,0.0
40.3219,12.08,0.0,1.0,0.0,0.0
40.4,12.08,0.0,1.0,0.0,0.0
40.4219,12.08,0.0,1.0,0.0,0.0
40.5,12.08,0.0,1.0,0.0,0.0
40.5219,12.08,0.0,1.0,0.0,0.0
40.6,12.08,0.0,1.0,0.0,0.0
40.6219,12.08,0.0,1.0,0.0,0.0
40.7,12.08,0.0,1.0,0.0,0.0
40.7219,12.08,0.0,1.0,0.0,0.0
40.8,12.08,0.0,1.0,0.0,0.0
40.8219,12.08,0.0,1.0,0.0,0.0
40.9,12.08,0.0,1.0,0.0,0.0
40.9219,12.08,0.0,1.0,0.0,0.0
41.0,12.08,0.0,1.0,0.0,0.0
41.0219,12.08,0.0,1.0,0.0,0.0
41.1,12.08,0.0,1.0,0.0,0.0
41.1219,12.08,0.0,1.0,0.0,0.0
41.2,12.08,0.0,1.0,0.0,0.0
41.2219,12.08,0.0,1.0,0.0,0.0
41.3,12.08,0.0,1.0,0.0,0.0
41.3219,12.08,0.0,1.0,0.0,0.0
41.4,12.08,0.0,1.0,0.0,0.0
41.4219,12.08,0.0,1.0,0.0,0.0
41.5,12.08,0.0,1.0,0.0,0.0
41.5219,12.08,0.0,1.0,0.0,0.0
41.6,12.08,0.0,1.0,0.0,0.0
41.6219,12.08,0.0,1.0,0.0,0.0
41.7,12.08,0.0,1.0,0.0,0.0
41.7219,12.08,0.0,1.0,0.0,0.0
41.8,12.08,0.0,1.0,0.0,0.0
41.8219,12.08,0.0,1.0,0.0,0.0
41.9,12.08,0.0,1.0,0.0,0.0
41.9219,12.08,0.0,1.0,0.0,0.0
42.0,12.08,0.0,1.0,0.0,0.0
42.0219,12.08,0.0,1.0,0.0,0.0
42.1,12.08,0.0,1.0,0.0,0.0
42.1219,12.08,0.0,1.0,0.0,0.0
42.2,12.08,0.0,1.0,0.0,0.0
42.2219,12.08,0.0,1.0,0.0,0.0
42.3,12.08,0.0,1.0,0.0,0.0
42.3219,12.08,0.0,1.0,0.0,0.0
42.4,12.08,0.0,1.0,0.0,0.0
42.4219,12.08,0.0,1.0,0.0,0.0
42.5,12.08,0.0,1.0,0.0,0.0
42.5219,12.08,0.0,1.0,0.0,0.0
42.6,12.08,0.0,1.0,0.0,0.0
42.6219,12.08,0.0,1.0,0.0,0.0
42.7,12.08,0.0,1.0,0.0,0.0
42.7219,12.08,0.0,1.0,0.0,0.0
42.8,12.08,0.0,1.0,0.0,0.0
42.8219,12.08,0.0,1.0,0.0,0.0
42.9,12.08,0.0,1.0,0.0,0.0
42.9219,12.08,0.0,1.0,0.0,0.0
43.0,12.08,0.0,1.0,0.0,0.0
43.0219,12.08,0.0,1.0,0.0,0.0
43.1,12.08,0.0,1.0,0.0,0.0
43.1219,12.08,0.0,1.0,0.0,0.0
43.2,12.08,0.0,1.0,0.0,0.0
43.2219,12.08,0.0,1.0,0.0,0.0
43.3,12.08,0.0,1.0,0.0,0.0
43.3219,12.08,0.0,1.0,0.0,0.0
43.4,12.08,0.0,1.0,0.0,0.0
43.4219,12.08,0.0,1.0,0.0,0.0
43.5,12.08,0.0,1.0,0.0,0.0
43.5219,12.08,0.0,1.0,0.0,0.0
43.6,12.08,0.0,1.0,0.0,0.0
43.6219,12.08,0.0,1.0,0.0,0.0
43.7,12.08,0.0,1.0,0.0,0.0
43.7219,12.08,0.0,1.0,0.0,0.0
43.8,12.08,0.0,1.0,0.0,0.0
43.8219,12.08,0.0,1.0,0.0,0.0
43.9,12.08,0.0,1.0,0.0,0.0
43.9219,12.08,0.0,1.0,0.0,0.0
44.0,12.08,0.0,1.0,0.0,0.0
44.0219,12.08,0.0,1.0,0.0,0.0
44.1,12.08,0.0,1.0,0.0,0.0
44.1219,12.08,0.0,1.0,0.0,0.0
44.2,12.08,0.0,1.0,0.0,0.0
44.2219,12.08,0.0,1.0,0.0,0.0
44.3,12.08,0.0,1.0,0.0,0.0
44.3219,12.08,0.0,1.0,0.0,0.0
44.4,12.08,0.0,1.0,0.0,0.0
44.4219,12.08,0.0,1.0,0.0,0.0
44.5,12.08,0.0,1.0,0.0,0.0
44.5219,12.08,0.0,1.0,0.0,0.0
44.6,12.08,0.0,1.0,0.0,0.0
44.6219,12.08,0.0,1.0,0.0,0.0
44.7,12.08,0.0,1.0,0.0,0.0
44.7219,12.08,0.0,1.0,0.0,0.0
44.8,12.08,0.0,1.0,0.0,0.0
44.8219,12.08,0.0,1.0,0.0,0.0
44.9,12.08,0.0,1.0,0.0,0.0
44.9219,12.08,0.0,1.0,0.0,0.0
45.0,12.08,0.0,1.0,0.0,0.0
45.0219,12.08,0.0,1.0,0.0,0.0
45.1,12.08,0.0,1.0,0.0,0.0
45.1219,12.08,0.0,1.0,0.0,0.0
45.2,12.08,0.0,1.0,0.0,0.0
45.2219,12.08,0.0,1.0,0.0,0.0
45.3,12.08,0.0,1.0,0.0,0.0
45.3219,12.08,0.0,1.0,0.0,0.0
45.4,12.08,0.0,1.0,0.0,0.0
45.4219,12.08,0.0,1.0,0.0,0.0
45.5,12.08,0.0,1.0,0.0,0.0
45.5219,12.08,0.0,1.0,0.0,0.0
45.6,12.08,0.0,1.0,0.0,0.0
45.6219,12.08,0.0,1.0,0.0,0.0
45.7,12.08,0.0,1.0,0.0,0.0
45.7219,12.08,0.0,1.0,0.0,0.0
45.8,12.08,0.0,1.0,0.0,0.0
45.8219,12.08,0.0,1.0,0.0,0.0
45.9,12.08,0.0,1.0,0.0,0.0
45.9219,12.08,0.0,1.0,0.0,0.0
46.0,12.08,0.0,1.0,0.0,0.0
46.0219,12.08,0.0,1.0,0.0,0.0
46.1,12.08,0.0,1.0,0.0,0.0
46.1219,12.08,0.0,1.0,0.0,0.0
46.2,12.08,0.0,1.0,0.0,0.0
46.2219,12.08,0.0,1.0,0.0,0.0
46.3,12.08,0.0,1.0,0.0,0.0
46.3219,12.08,0.0,1.0,0.0,0.0
46.4,12.08,0.0,1.0,0.0,0.0
46.4219,12.08,0.0,1.0,0.0,0.0
46.5,12.08,0.0,1.0,0.0,0.0
46.5219,12.08,0.0,1.0,0.0,0.0
46.6,12.08,0.0,1.0,0.0,0.0
46.6219,12.08,0.0,1.0,0.0,0.0
46.7,12.08,0.0,1.0,0.0,0.0
46.7219,12.08,0.0,1.0,0.0,0.0
46.8,12.08,0.0,1.0,0.0,0.0
46.8219,12.08,0.0,1.0,0.0,0.0
46.9,12.08,0.0,1.0,0.0,0.0
46.9219,12.08,0.0,1.0,0.0,0.0
47.0,12.08,0.0,1.0,0.0,0.0
47.0219,12.08,0.0,1.0,0.0,0.0
47.1,12.08,0.0,1.0,0.0,0.0
47.1219,12.08,0.0,1.0,0.0,0.0
47.2,12.08,0.0,1.0,0.0,0.0
47.2219,12.08,0.0,1.0,0.0,0.0
47.3,12.08,0.0,1.0,0.0,0.0
47.3219,12.08,0.0,1.0,0.0,0.0
47.4,12.08,0.0,1.0,0.0,0.0
47.4219,12.08,0.0,1.0,0.0,0.0
47.5,12.08,0.0,1.0,0.0,0.0
47.5219,12.08,0.0,1.0,0.0,0.0
47.6,12.08,0.0,1.0,0.0,0.0
47.6219,12.08,0.0,1.0,0.0,0.0
47.7,12.08,0.0,1.0,0.0,0.0
47.7219,12.08,0.0,1.0,0.0,0.0
47.8,12.08,0.0,1.0,0.0,0.0
47.8219,12.08,0.0,1.0,0.0,0.0
47.9,12.08,0.0,1.0,0.0,0.0
47.9219,12.08,0.0,1.0,0.0,0.0
48.0,12.08,0.0,1.0,0.0,0.0
48.0219,12.08,0.0,1.0,0.0,0.0
48.1,12.08,0.0,1.0,0.0,0.0
48.1219,12.08,0.0,1.0,0.0,0.0
48.2,12.08,0.0,1.0,0.0,0.0
48.2219,12.08,0.0,1.0,0.0,0.0
48.3,12.08,0.0,1.0,0.0,0.0
48.3219,12.08,0.0,1.0,0.0,0.0
48.4,12.08,0.0,1.0,0.0,0.0
48.4219,12.08,0.0,1.0,0.0,0.0
48.5,12.08,0.0,1.0,0.0,0.0
48.5219,12.08,0.0,1.0,0.0,0.0
48.6,12.08,0.0,1.0,0.0,0.0
48.6219,12.08,0.0,1.0,0.0,0.0
48.7,12.08,0.0,1.0,0.0,0.0
48.7219,12.08,0.0,1.0,0.0,0.0
48.8,12.08,0.0,1.0,0.0,0.0
48.8219,12.08,0.0,1.0,0.0,0.0
48.9,12.08,0.0,1.0,0.0,0.0
48.9219,12.08,0.0,1.0,0.0,0.0
49.0,12.08,0.0,1.0,0.0,0.0
49.0219,12.08,0.0,1.0,0.0,0.0
49.1,12.08,0.0,1.0,0.0,0.0
49.1219,12.08,0.0,1.0,0.0,0.0
49.2,12.08,0.0,1.0,0.0,0.0
49.2219,12.08,0.0,1.0,0.0,0.0
49.3,12.08,0.0,1.0,0.0,0.0
49.3219,12.08,0.0,1.0,0.0,0.0
49.4,12.08,0.0,1.0,0.0,0.0
49.4219,12.08,0.0,1.0,0.0,0.0
49.5,12.08,0.0,1.0,0.0,0.0
49.5219,12.08,0.0,1.0,0.0,0.0
49.6,12.08,0.0,1.0,0.0,0.0
49.6219,12.08,0.0,1.0,0.0,0.0
49.7,12.08,0.0,1.0,0.0,0.0
49.7219,12.08,0.0,1.0,0.0,0.0
49.8,12.08,0.0,1.0,0.0,0.0
49.8219,12.08,0.0,1.0,0.0,0.0
49.9,12.08,0.0,1.0,0.0,0.0
49.9219,12.08,0.0,1.0,0.0,0.0
50.0,12.08,0.0,1.0,0.0,0.0
50.0219,12.08,0.0,1.0,0.0,0.0
50.1,12.08,0.0,1.0,0.0,0.0
50.1219,12.08,0.0,1.0,0.0,0.0
50.2,12.08,0.0,1.0,0.0,0.0
50.2219,12.08,0.0,1.0,0.0,0.0
50.3,12.08,0.0,1.0,0.0,0.0
50.3219,12.08,0.0,1.0,0.0,0.0
50.4,12.08,0.0,1.0,0.0,0.0
50.4219,12.08,0.0,1.0,0.0,0.0
50.5,12.08,0.0,1.0,0.0,0.0
50.5219,12.08,0.0,1.0,0.0,0.0
50.6,12.08,0.0,1.0,0.0,0.0
50.6219,12.08,0.0,1.0,0.0,0.0
50.7,12.08,0.0,1.0,0.0,0.0
50.7219,12.08,0.0,1.0,0.0,0.0
50.8,12.08,0.0,1.0,0.0,0.0
50.8219,12.08,0.0,1.0,0.0,0.0
50.9,12.08,0.0,1.0,0.0,0.0
50.9219,12.08,0.0,1.0,0.0,0.0
51.0,12.08,0.0,1.0,0.0,0.0
51.0219,12.08,0.0,1.0,0.0,0.0
51.1,12.08,0.0,1.0,0.0,0.0
51.1219,12.08,0.0,1.0,0.0,0.0
51.2,12.08,0.0,1.0,0.0,0.0
51.2219,12.08,0.0,1.0,0.0,0.0
51.3,12.08,0.0,1.0,0.0,0.0
51.3219,12.08,0.0,1.0,0.0,0.0
51.4,12.08,0.0,1.0,0.0,0.0
51.4219,12.08,0.0,1.0,0.0,0.0
51.5,12.08,0.0,1.0,0.0,0.0
51.5219,12.08,0.0,1.0,0.0,0.0
51.6,12.08,0.0,1.0,0.0,0.0
51.6219,12.08,0.0,1.0,0.0,0.0
51.7,12.08,0.0,1.0,0.0,0.0
51.7219,12.08,0.0,1.0,0.0,0.0
51.8,12.08,0.0,1.0,0.0,0.0
51.8219,12.08,0.0,1.0,0.0,0.0
51.9,12.08,0.0,1.0,0.0,0.0
51.9219,12.08,0.0,1.0,0.0,0.0
52.0,12.08,0.0,1.0,0.0,0.0
52.0219,12.08,0.0,1.0,0.0,0.0
52.1,12.08,0.0,1.0,0.0,0.0
52.1219,12.08,0.0,1.0,0.0,0.0
52.2,12.08,0.0,1.0,0.0,0.0
52.2219,12.08,0.0,1.0,0.0,0.0
52.3,12.08,0.0,1.0,0.0,0.0
52.3219,12.08,0.0,1.0,0.0,0.0
52.4,12.08,0.0,1.0,0.0,0.0
52.4219,12.08,0.0,1.0,0.0,0.0
52.5,12.08,0.0,1.0,0.0,0.0
52.5219,12.08,0.0,1.0,0.0,0.0
52.6,12.08,0.0,1.0,0.0,0.0
52.6219,12.08,0.0,1.0,0.0,0.0
52.7,12.08,0.0,1.0,0.0,0.0
52.7219,12.08,0.0,1.0,0.0,0.0
52.8,12.08,0.0,1.0,0.0,0.0
52.8219,12.08,0.0,1.0,0.0,0.0
52.9,12.08,0.0,1.0,0.0,0.0
52.9219,12.08,0.0,1.0,0.0,0.0
53.0,12.08,0.0,1.0,0.0,0.0
53.0219,12.08,0.0,1.0,0.0,0.0
53.1,12.08,0.0,1.0,0.0,0.0
53.1219,12.08,0.0,1.0,0.0,0.0
53.2,12.08,0.0,1.0,0.0,0.0
53.2219,12.08,0.0,1.0,0.0,0.0
53.3,12.08,0.0,1.0,0.0,0.0
53.3219,12.08,0.0,1.0,0.0,0.0
53.4,12.08,0.0,1.0,0.0,0.0
53.4219,12.08,0.0,1.0,0.0,0.0
53.5,12.08,0.0,1.0,0.0,0.0
53.5219,12.08,0.0,1.0,0.0,0.0
53.6,12.08,0.0,1.0,0.0,0.0
53.6219,12.08,0.0,1.0,0.0,0.0
53.7,12.08,0.0,1.0,0.0,0.0
53.7219,12.08,0.0,1.0,0.0,0.0
53.8,12.08,0.0,1.0,0.0,0.0
53.8219,12.08,0.0,1.0,0.0,0.0
53.9,12.08,0.0,1.0,0.0,0.0
53.9219,12.08,0.0,1.0,0.0,0.0
54.0,12.08,0.0,1.0,0.0,0.0
54.0219,12.08,0.0,1.0,0.0,0.0
54.1,12.08,0.0,1.0,0.0,0.0
54.1219,12.08,0.0,1.0,0.0,0.0
54.2,12.08,0.0,1.0,0.0,0.0
54.2219,12.08,0.0,1.0,0.0,0.0
54.3,12.08,0.0,1.0,0.0,0.0
54.3219,12.08,0.0,1.0,0.0,0.0
54.4,12.08,0.0,1.0,0.0,0.0
54.4219,12.08,0.0,1.0,0.0,0.0
54.5,12.08,0.0,1.0,0.0,0.0
54.5219,12.08,0.0,1.0,0.0,0.0
54.6,12.08,0.0,1.0,0.0,0.0
54.6219,12.08,0.0,1.0,0.0,0.0
54.7,12.08,0.0,1.0,0.0,0.0
54.7219,12.08,0.0,1.0,0.0,0.0
54.8,12.08,0.0,1.0,0.0,0.0
54.8219,12.08,0.0,1.0,0.0,0.0
54.9,12.08,0.0,1.0,0.0,0.0
54.9219,12.08,0.0,1.0,0.0,0.0
55.0,12.08,0.0,1.0,0.0,0.0
55.0219,12.08,0.0,1.0,0.0,0.0
55.1,12.08,0.0,1.0,0.0,0.0
55.1219,12.08,0.0,1.0,0.0,0.0
55.2,12.08,0.0,1.0,0.0,0.0
55.2219,12.08,0.0,1.0,0.0,0.0
55.3,12.08,0.0,1.0,0.0,0.0
55.3219,12.08,0.0,1.0,0.0,0.0
55.4,12.08,0.0,1.0,0.0,0.0
55.4219,12.08,0.0,1.0,0.0,0.0
55.5,12.08,0.0,1.0,0.0,0.0
55.5219,12.08,0.0,1.0,0.0,0.0
55.6,12.08,0.0,1.0,0.0,0.0
55.6219,12.08,0.0,1.0,0.0,0.0
55.7,12.08,0.0,1.0,0.0,0.0
55.7219,12.08,0.0,1.0,0.0,0.0
55.8,12.08,0.0,1.0,0.0,0.0
55.8219,12.08,0.0,1.0,0.0,0.0
55.9,12.08,0.0,1.0,0.0,0.0
55.9219,12.08,0.0,1.0,0.0,0.0
56.0,12.08,0.0,1.0,0.0,0.0
56.0219,12.08,0.0,1.0,0.0,0.0
56.1,12.08,0.0,1.0,0.0,0.0
56.1219,12.08,0.0,1.0,0.0,0.0
56.2,12.08,0.0,1.0,0.0,0.0
56.2219,12.08,0.0,1.0,0.0,0.0
56.3,12.08,0.0,1.0,0.0,0.0
56.3219,12.08,0.0,1.0,0.0,0.0
56.4,12.08,0.0,1.0,0.0,0.0
56.4219,12.08,0.0,1.0,0.0,0.0
56.5,12.08,0.0,1.0,0.0,0.0
56.5219,12.08,0.0,1.0,0.0,0.0
56.6,12.08,0.0,1.0,0.0,0.0
56.6219,12.08,0.0,1.0,0.0,0.0
56.7,12.08,0.0,1.0,0.0,0.0
56.7219,12.08,0.0,1.0,0.0,0.0
56.8,12.08,0.0,1.0,0.0,0.0
56.8219,12.08,0.0,1.0,0.0,0.0
56.9,12.08,0.0,1.0,0.0,0.0
56.9219,12.08,0.0,1.0,0.0,0.0
57.0,12.08,0.0,1.0,0.0,0.0
57.0219,12.08,0.0,1.0,0.0,0.0
57.1219,12.08,0.0,1.0,0.0,0.0
57.2219,12.08,0.0,1.0,0.0,0.0
57.3219,12.08,0.0,1.0,0.0,0.0
57.4219,12.08,0.0,1.0,0.0,0.0
57.5219,12.08,0.0,1.0,0.0,0.0
57.6219,12.08,0.0,1.0,0.0,0.0
57.7219,12.08,0.0,1.0,0.0,0.0
57.8219,12.08,0.0,1.0,0.0,0.0
57.9219,12.08,0.0,1.0,0.0,0.0
58.0219,12.08,0.0,1.0,0.0,0.0
58.1219,12.08,0.0,1.0,0.0,0.0
58.2219,12.08,0.0,1.0,0.0,0.0
58.3219,12.08,0.0,1.0,0.0,0.0
58.4219,12.08,0.0,1.0,0.0,0.0
58.5219,12.08,0.0,1.0,0.0,0.0
58.6219,12.08,0.0,1.0,0.0,0.0
58.7219,12.08,0.0,1.0,0.0,0.0
58.8219,12.08,0.0,1.0,0.0,0.0
58.9219,12.08,0.0,1.0,0.0,0.0
59.0219,12.08,0.0,1.0,0.0,0.0
59.1219,12.08,0.0,1.0,0.0,0.0
59.2219,12.08,0.0,1.0,0.0,0.0
59.3219,12.08,0.0,1.0,0.0,0.0
59.4219,12.08,0.0,1.0,0.0,0.0
59.5219,12.08,0.0,1.0,0.0,0.0
59.6219,12.08,0.0,1.0,0.0,0.0
59.7219,12.08,0.0,1.0,0.0,0.0
59.8219,12.08,0.0,1.0,0.0,0.0
59.9219,12.08,0.0,1.0,0.0,0.0
60.0219,12.08,0.0,1.0,0.0,0.0
