Time (seconds), Duration (seconds),pred_unlabelled,pred_Chainsaw,pred_Standby,pred_Human
0.00000,3.02194,0.00004,0.00009,0.00021,0.99965
0.10000,3.02194,0.00001,0.00006,0.00014,0.99979
0.20000,3.02194,0.00001,0.00006,0.00018,0.99975
0.30000,3.02194,0.00001,0.00003,0.00015,0.99982
0.40000,3.02194,0.00002,0.00003,0.00031,0.99964
0.50000,3.02194,0.00001,0.00003,0.00029,0.99967
0.60000,3.02194,0.00001,0.00003,0.00015,0.99980
0.70000,3.02194,0.00001,0.00003,0.00018,0.99978
0.80000,3.02194,0.00001,0.00003,0.00016,0.99979
0.90000,3.02194,0.00001,0.00003,0.00011,0.99985
1.00000,3.02194,0.00000,0.00002,0.00004,0.99993
1.10000,3.02194,0.00001,0.00003,0.00012,0.99983
1.20000,3.02194,0.00001,0.00003,0.00014,0.99982
1.30000,3.02194,0.00001,0.00002,0.00013,0.99985
1.40000,3.02194,0.00003,0.00005,0.00028,0.99965
1.50000,3.02194,0.00012,0.00026,0.00033,0.99930
1.60000,3.02194,0.00002,0.00006,0.00011,0.99981
1.70000,3.02194,0.00001,0.00003,0.00004,0.99992
1.80000,3.02194,0.00000,0.00002,0.00005,0.99993
1.90000,3.02194,0.00000,0.00002,0.00004,0.99994
2.00000,3.02194,0.00012,0.00029,0.00036,0.99923
2.10000,3.02194,0.00077,0.00102,0.00152,0.99669
2.20000,3.02194,0.00001,0.00008,0.00010,0.99980
2.30000,3.02194,0.00025,0.00051,0.00078,0.99847
2.40000,3.02194,0.00007,0.00013,0.00078,0.99903
2.50000,3.02194,0.00011,0.00019,0.00094,0.99877
2.60000,3.02194,0.00007,0.00017,0.00012,0.99964
2.70000,3.02194,0.00004,0.00008,0.00038,0.99951
2.80000,3.02194,0.00007,0.00017,0.00063,0.99913
2.90000,3.02194,0.00021,0.00043,0.00119,0.99818
3.00000,3.02194,0.00012,0.00032,0.00055,0.99901
3.10000,3.02194,0.00001,0.00006,0.00002,0.99991
3.20000,3.02194,0.00000,0.00001,0.00001,0.99998
3.30000,3.02194,0.00000,0.00002,0.00002,0.99996
3.40000,3.02194,0.00017,0.00043,0.00092,0.99848
3.50000,3.02194,0.00010,0.00027,0.00069,0.99894
3.60000,3.02194,0.00006,0.00018,0.00065,0.99911
3.70000,3.02194,0.00004,0.00014,0.00043,0.99939
3.80000,3.02194,0.00001,0.00004,0.00010,0.99985
3.90000,3.02194,0.00000,0.00001,0.00002,0.99996
4.00000,3.02194,0.00000,0.00002,0.00003,0.99994
4.10000,3.02194,0.00001,0.00002,0.00012,0.99985
4.20000,3.02194,0.00000,0.00002,0.00008,0.99990
4.30000,3.02194,0.00001,0.00004,0.00005,0.99991
4.40000,3.02194,0.00000,0.00004,0.00004,0.99991
4.50000,3.02194,0.00001,0.00005,0.00010,0.99985
4.60000,3.02194,0.00001,0.00005,0.00011,0.99984
4.70000,3.02194,0.00001,0.00006,0.00021,0.99972
4.80000,3.02194,0.00000,0.00003,0.00009,0.99988
4.90000,3.02194,0.00008,0.00020,0.00098,0.99874
5.00000,3.02194,0.00001,0.00004,0.00009,0.99987
5.10000,3.02194,0.00000,0.00002,0.00005,0.99992
5.20000,3.02194,0.00001,0.00003,0.00015,0.99982
5.30000,3.02194,0.00001,0.00002,0.00014,0.99983
5.40000,3.02194,0.00001,0.00003,0.00014,0.99983
5.50000,3.02194,0.00000,0.00002,0.00011,0.99987
5.60000,3.02194,0.00001,0.00003,0.00014,0.99982
5.70000,3.02194,0.00012,0.00027,0.00085,0.99876
5.80000,3.02194,0.00001,0.00004,0.00015,0.99980
5.90000,3.02194,0.00002,0.00003,0.00027,0.99968
6.00000,3.02194,0.00001,0.00002,0.00016,0.99981
6.10000,3.02194,0.00006,0.00010,0.00113,0.99871
6.20000,3.02194,0.00004,0.00007,0.00038,0.99951
6.30000,3.02194,0.00014,0.00026,0.00107,0.99853
6.40000,3.02194,0.00012,0.00021,0.00126,0.99841
6.50000,3.02194,0.00009,0.00013,0.00078,0.99899
6.60000,3.02194,0.00010,0.00017,0.00096,0.99877
6.70000,3.02194,0.00006,0.00010,0.00039,0.99946
6.80000,3.02194,0.00000,0.00001,0.00003,0.99996
6.90000,3.02194,0.00010,0.00020,0.00093,0.99877
7.00000,3.02194,0.00006,0.00014,0.00018,0.99962
7.10000,3.02194,0.00005,0.00012,0.00025,0.99959
7.20000,3.02194,0.00001,0.00004,0.00009,0.99987
7.30000,3.02194,0.00010,0.00024,0.00048,0.99918
7.40000,3.02194,0.00004,0.00012,0.00033,0.99951
7.50000,3.02194,0.00017,0.00037,0.00089,0.99857
7.60000,3.02194,0.00006,0.00018,0.00048,0.99928
7.70000,3.02194,0.00020,0.00044,0.00083,0.99853
7.80000,3.02194,0.00010,0.00022,0.00070,0.99898
7.90000,3.02194,0.00006,0.00012,0.00079,0.99904
8.00000,3.02194,0.00000,0.00003,0.00007,0.99989
8.10000,3.02194,0.00000,0.00003,0.00005,0.99992
8.20000,3.02194,0.00001,0.00006,0.00009,0.99984
8.30000,3.02194,0.00002,0.00012,0.00011,0.99975
8.40000,3.02194,0.00001,0.00009,0.00009,0.99981
8.50000,3.02194,0.00001,0.00006,0.00006,0.99987
8.60000,3.02194,0.00000,0.00002,0.00006,0.99991
8.70000,3.02194,0.00001,0.00004,0.00009,0.99987
8.80000,3.02194,0.00000,0.00002,0.00007,0.99991
8.90000,3.02194,0.00000,0.00001,0.00006,0.99992
9.00000,3.02194,0.00001,0.00003,0.00016,0.99980
9.10000,3.02194,0.00000,0.00003,0.00004,0.99993
9.20000,3.02194,0.00015,0.00042,0.00121,0.99822
9.30000,3.02194,0.00000,0.00002,0.00002,0.99995
9.40000,3.02194,0.00000,0.00003,0.00007,0.99990
9.50000,3.02194,0.00001,0.00005,0.00005,0.99989
9.60000,3.02194,0.00001,0.00010,0.00009,0.99980
9.70000,3.02194,0.00015,0.00058,0.00094,0.99833
9.80000,3.02194,0.00012,0.00053,0.00069,0.99866
9.90000,3.02194,0.00014,0.00051,0.00066,0.99870
10.00000,3.02194,0.00011,0.00042,0.00110,0.99837
10.10000,3.02194,0.00015,0.00061,0.00113,0.99811
10.20000,3.02194,0.00021,0.00101,0.00092,0.99786
10.30000,3.02194,0.00026,0.00132,0.00089,0.99753
10.40000,3.02194,0.00012,0.00071,0.00008,0.99909
10.50000,3.02194,0.00004,0.00026,0.00008,0.99962
10.60000,3.02194,0.00034,0.00139,0.00079,0.99748
10.70000,3.02194,0.00032,0.00145,0.00101,0.99722
10.80000,3.02194,0.00030,0.00142,0.00066,0.99762
10.90000,3.02194,0.00032,0.00168,0.00055,0.99745
11.00000,3.02194,0.00006,0.00037,0.00055,0.99901
11.10000,3.02194,0.00014,0.00088,0.00018,0.99880
11.20000,3.02194,0.00007,0.00044,0.00041,0.99908
11.30000,3.02194,0.00124,0.00566,0.00058,0.99252
11.40000,3.02194,0.00013,0.00065,0.00092,0.99829
11.50000,3.02194,0.00028,0.00103,0.00036,0.99833
11.60000,3.02194,0.00013,0.00069,0.00101,0.99818
11.70000,3.02194,0.00006,0.00032,0.00055,0.99907
11.80000,3.02194,0.00062,0.00320,0.00054,0.99564
11.90000,3.02194,0.00005,0.00033,0.00031,0.99931
12.00000,3.02194,0.00009,0.00071,0.00009,0.99911
12.10000,3.02194,0.00005,0.00036,0.00006,0.99953
12.20000,3.02194,0.00000,0.00006,0.00001,0.99992
12.30000,3.02194,0.00001,0.00011,0.00006,0.99982
12.40000,3.02194,0.00001,0.00006,0.00001,0.99993
12.50000,3.02194,0.00000,0.00002,0.00001,0.99997
12.60000,3.02194,0.00000,0.00006,0.00002,0.99991
12.70000,3.02194,0.00000,0.00006,0.00003,0.99991
12.80000,3.02194,0.00000,0.00004,0.00001,0.99995
12.90000,3.02194,0.00000,0.00002,0.00001,0.99997
13.00000,3.02194,0.00000,0.00003,0.00002,0.99995
13.10000,3.02194,0.00000,0.00002,0.00002,0.99996
13.20000,3.02194,0.00000,0.00003,0.00001,0.99996
13.30000,3.02194,0.00001,0.00005,0.00001,0.99993
13.40000,3.02194,0.00001,0.00004,0.00003,0.99992
13.50000,3.02194,0.00001,0.00004,0.00005,0.99990
13.60000,3.02194,0.00000,0.00002,0.00003,0.99995
13.70000,3.02194,0.00001,0.00004,0.00009,0.99986
13.80000,3.02194,0.00002,0.00005,0.00024,0.99969
13.90000,3.02194,0.00001,0.00003,0.00006,0.99990
14.00000,3.02194,0.00001,0.00002,0.00008,0.99989
14.10000,3.02194,0.00002,0.00005,0.00022,0.99972
14.20000,3.02194,0.00001,0.00004,0.00013,0.99982
14.30000,3.02194,0.00005,0.00013,0.00013,0.99969
14.40000,3.02194,0.00001,0.00003,0.00001,0.99995
14.50000,3.02194,0.00014,0.00033,0.00032,0.99921
14.60000,3.02194,0.00000,0.00002,0.00003,0.99994
14.70000,3.02194,0.00003,0.00011,0.00014,0.99972
14.80000,3.02194,0.00000,0.00002,0.00003,0.99994
14.90000,3.02194,0.00002,0.00006,0.00009,0.99983
15.00000,3.02194,0.00001,0.00004,0.00014,0.99981
15.10000,3.02194,0.00001,0.00003,0.00010,0.99986
15.20000,3.02194,0.00000,0.00003,0.00008,0.99989
15.30000,3.02194,0.00001,0.00005,0.00016,0.99977
15.40000,3.02194,0.00000,0.00003,0.00004,0.99993
15.50000,3.02194,0.00002,0.00007,0.00004,0.99988
15.60000,3.02194,0.00001,0.00004,0.00003,0.99991
15.70000,3.02194,0.00003,0.00013,0.00004,0.99981
15.80000,3.02194,0.00002,0.00010,0.00008,0.99981
15.90000,3.02194,0.00009,0.00036,0.00018,0.99937
16.00000,3.02194,0.00001,0.00004,0.00008,0.99987
16.10000,3.02194,0.00000,0.00003,0.00001,0.99995
16.20000,3.02194,0.00001,0.00003,0.00009,0.99987
16.30000,3.02194,0.00001,0.00005,0.00003,0.99991
16.40000,3.02194,0.00001,0.00003,0.00011,0.99985
16.50000,3.02194,0.00001,0.00004,0.00000,0.99995
16.60000,3.02194,0.00000,0.00003,0.00000,0.99996
16.70000,3.02194,0.00001,0.00003,0.00001,0.99995
16.80000,3.02194,0.00000,0.00002,0.00001,0.99997
16.90000,3.02194,0.00001,0.00006,0.00001,0.99992
17.00000,3.02194,0.00001,0.00004,0.00001,0.99994
17.10000,3.02194,0.00000,0.00001,0.00002,0.99997
17.20000,3.02194,0.00001,0.00005,0.00013,0.99981
17.30000,3.02194,0.00002,0.00005,0.00032,0.99961
17.40000,3.02194,0.00000,0.00002,0.00005,0.99993
17.50000,3.02194,0.00002,0.00004,0.00021,0.99973
17.60000,3.02194,0.00000,0.00001,0.00004,0.99995
17.70000,3.02194,0.00002,0.00004,0.00009,0.99985
17.80000,3.02194,0.00000,0.00001,0.00001,0.99998
17.90000,3.02194,0.00001,0.00004,0.00002,0.99994
18.00000,3.02194,0.00000,0.00002,0.00001,0.99997
18.10000,3.02194,0.00000,0.00002,0.00002,0.99996
18.20000,3.02194,0.00001,0.00004,0.00002,0.99993
18.30000,3.02194,0.00001,0.00003,0.00003,0.99993
18.40000,3.02194,0.00000,0.00001,0.00002,0.99996
18.50000,3.02194,0.00001,0.00004,0.00002,0.99994
18.60000,3.02194,0.00001,0.00002,0.00005,0.99992
18.70000,3.02194,0.00006,0.00007,0.00020,0.99967
18.80000,3.02194,0.00000,0.00001,0.00003,0.99995
18.90000,3.02194,0.00001,0.00003,0.00008,0.99988
19.00000,3.02194,0.00001,0.00002,0.00012,0.99985
19.10000,3.02194,0.00002,0.00003,0.00030,0.99965
19.20000,3.02194,0.00005,0.00007,0.00043,0.99945
19.30000,3.02194,0.00002,0.00003,0.00024,0.99971
19.40000,3.02194,0.00001,0.00002,0.00028,0.99968
19.50000,3.02194,0.00001,0.00004,0.00012,0.99983
19.60000,3.02194,0.00001,0.00004,0.00010,0.99984
19.70000,3.02194,0.00001,0.00004,0.00022,0.99973
19.80000,3.02194,0.00001,0.00003,0.00013,0.99984
19.90000,3.02194,0.00001,0.00003,0.00010,0.99986
20.00000,3.02194,0.00001,0.00002,0.00021,0.99976
20.10000,3.02194,0.00001,0.00002,0.00004,0.99994
20.20000,3.02194,0.00000,0.00002,0.00011,0.99987
20.30000,3.02194,0.00000,0.00002,0.00007,0.99990
20.40000,3.02194,0.00001,0.00002,0.00021,0.99976
20.50000,3.02194,0.00001,0.00002,0.00016,0.99981
20.60000,3.02194,0.00004,0.00004,0.00071,0.99922
20.70000,3.02194,0.00000,0.00001,0.00006,0.99992
20.80000,3.02194,0.00000,0.00001,0.00014,0.99984
20.90000,3.02194,0.00001,0.00002,0.00037,0.99959
21.00000,3.02194,0.00001,0.00002,0.00009,0.99988
21.10000,3.02194,0.00000,0.00002,0.00007,0.99991
21.20000,3.02194,0.00002,0.00003,0.00016,0.99979
21.30000,3.02194,0.00001,0.00002,0.00007,0.99990
21.40000,3.02194,0.00001,0.00002,0.00016,0.99981
21.50000,3.02194,0.00001,0.00002,0.00013,0.99984
21.60000,3.02194,0.00000,0.00002,0.00008,0.99990
21.70000,3.02194,0.00001,0.00003,0.00011,0.99986
21.80000,3.02194,0.00001,0.00002,0.00010,0.99987
21.90000,3.02194,0.00003,0.00004,0.00062,0.99931
22.00000,3.02194,0.00002,0.00004,0.00059,0.99934
22.10000,3.02194,0.00002,0.00004,0.00048,0.99945
22.20000,3.02194,0.00004,0.00005,0.00073,0.99919
22.30000,3.02194,0.00001,0.00002,0.00013,0.99985
22.40000,3.02194,0.00002,0.00003,0.00043,0.99952
22.50000,3.02194,0.00000,0.00001,0.00015,0.99984
22.60000,3.02194,0.00001,0.00003,0.00028,0.99967
22.70000,3.02194,0.00001,0.00002,0.00025,0.99972
22.80000,3.02194,0.00003,0.00003,0.00057,0.99937
22.90000,3.02194,0.00001,0.00002,0.00024,0.99973
23.00000,3.02194,0.00001,0.00002,0.00022,0.99975
23.10000,3.02194,0.00001,0.00002,0.00016,0.99981
23.20000,3.02194,0.00001,0.00002,0.00018,0.99980
23.30000,3.02194,0.00001,0.00002,0.00027,0.99970
23.40000,3.02194,0.00002,0.00003,0.00040,0.99955
23.50000,3.02194,0.00001,0.00002,0.00020,0.99977
23.60000,3.02194,0.00001,0.00002,0.00027,0.99970
23.70000,3.02194,0.00001,0.00003,0.00029,0.99967
23.80000,3.02194,0.00001,0.00002,0.00024,0.99972
23.90000,3.02194,0.00001,0.00002,0.00014,0.99984
24.00000,3.02194,0.00001,0.00001,0.00014,0.99984
24.10000,3.02194,0.00002,0.00003,0.00030,0.99965
24.20000,3.02194,0.00001,0.00002,0.00022,0.99976
24.30000,3.02194,0.00001,0.00003,0.00009,0.99988
24.40000,3.02194,0.00001,0.00002,0.00007,0.99991
24.50000,3.02194,0.00001,0.00003,0.00014,0.99982
24.60000,3.02194,0.00001,0.00002,0.00015,0.99983
24.70000,3.02194,0.00001,0.00002,0.00008,0.99990
24.80000,3.02194,0.00001,0.00002,0.00012,0.99985
24.90000,3.02194,0.00001,0.00004,0.00017,0.99978
25.00000,3.02194,0.00001,0.00002,0.00010,0.99988
25.10000,3.02194,0.00001,0.00003,0.00011,0.99985
25.20000,3.02194,0.00001,0.00002,0.00011,0.99987
25.30000,3.02194,0.00000,0.00002,0.00011,0.99987
25.40000,3.02194,0.00000,0.00002,0.00008,0.99990
25.50000,3.02194,0.00001,0.00003,0.00031,0.99965
25.60000,3.02194,0.00001,0.00002,0.00022,0.99974
25.70000,3.02194,0.00001,0.00002,0.00016,0.99981
25.80000,3.02194,0.00001,0.00002,0.00028,0.99968
25.90000,3.02194,0.00000,0.00001,0.00012,0.99987
26.00000,3.02194,0.00001,0.00002,0.00014,0.99983
26.10000,3.02194,0.00001,0.00003,0.00020,0.99977
26.20000,3.02194,0.00001,0.00003,0.00025,0.99971
26.30000,3.02194,0.00001,0.00003,0.00030,0.99966
26.40000,3.02194,0.00001,0.00003,0.00020,0.99976
26.50000,3.02194,0.00001,0.00003,0.00019,0.99978
26.60000,3.02194,0.00003,0.00006,0.00052,0.99938
26.70000,3.02194,0.00001,0.00004,0.00024,0.99971
26.80000,3.02194,0.00001,0.00004,0.00023,0.99972
26.90000,3.02194,0.00001,0.00002,0.00018,0.99979
27.00000,3.02194,0.00002,0.00003,0.00037,0.99958
27.10000,3.02194,0.00001,0.00003,0.00016,0.99980
27.20000,3.02194,0.00002,0.00005,0.00039,0.99954
27.30000,3.02194,0.00001,0.00003,0.00012,0.99985
27.40000,3.02194,0.00001,0.00003,0.00020,0.99976
27.50000,3.02194,0.00001,0.00003,0.00026,0.99969
27.60000,3.02194,0.00001,0.00003,0.00023,0.99973
27.70000,3.02194,0.00020,0.00022,0.00234,0.99724
27.80000,3.02194,0.00038,0.00033,0.00432,0.99497
27.90000,3.02194,0.00003,0.00006,0.00019,0.99972
28.00000,3.02194,0.00007,0.00009,0.00046,0.99938
28.10000,3.02194,0.00000,0.00002,0.00006,0.99992
28.20000,3.02194,0.00010,0.00016,0.00108,0.99866
28.30000,3.02194,0.00010,0.00012,0.00137,0.99841
28.40000,3.02194,0.00014,0.00016,0.00204,0.99767
28.50000,3.02194,0.00015,0.00018,0.00195,0.99772
28.60000,3.02194,0.00017,0.00013,0.00298,0.99671
28.70000,3.02194,0.00007,0.00008,0.00111,0.99874
28.80000,3.02194,0.00006,0.00007,0.00128,0.99860
28.90000,3.02194,0.00027,0.00028,0.00167,0.99778
29.00000,3.02194,0.00013,0.00014,0.00145,0.99828
29.10000,3.02194,0.00012,0.00012,0.00113,0.99863
29.20000,3.02194,0.00017,0.00022,0.00159,0.99803
29.30000,3.02194,0.00019,0.00029,0.00116,0.99836
29.40000,3.02194,0.00021,0.00027,0.00082,0.99870
29.50000,3.02194,0.00014,0.00021,0.00116,0.99850
29.60000,3.02194,0.00015,0.00022,0.00136,0.99826
29.70000,3.02194,0.00011,0.00025,0.00019,0.99945
29.80000,3.02194,0.00000,0.00001,0.00002,0.99996
29.90000,3.02194,0.00000,0.00001,0.00004,0.99995
30.00000,3.02194,0.00000,0.00002,0.00006,0.99992
30.10000,3.02194,0.00001,0.00003,0.00022,0.99974
30.20000,3.02194,0.00002,0.00004,0.00060,0.99934
30.30000,3.02194,0.00002,0.00003,0.00029,0.99966
30.40000,3.02194,0.00003,0.00003,0.00042,0.99952
30.50000,3.02194,0.00003,0.00004,0.00019,0.99975
30.60000,3.02194,0.00003,0.00004,0.00040,0.99953
30.70000,3.02194,0.00002,0.00003,0.00030,0.99966
30.80000,3.02194,0.00000,0.00001,0.00003,0.99995
30.90000,3.02194,0.00001,0.00002,0.00016,0.99982
31.00000,3.02194,0.00001,0.00002,0.00016,0.99981
31.10000,3.02194,0.00002,0.00003,0.00020,0.99974
31.20000,3.02194,0.00002,0.00003,0.00027,0.99968
31.30000,3.02194,0.00001,0.00003,0.00014,0.99981
31.40000,3.02194,0.00002,0.00004,0.00032,0.99962
31.50000,3.02194,0.00001,0.00002,0.00022,0.99974
31.60000,3.02194,0.00001,0.00001,0.00006,0.99992
31.70000,3.02194,0.00000,0.00001,0.00005,0.99993
31.80000,3.02194,0.00000,0.00001,0.00006,0.99992
31.90000,3.02194,0.00001,0.00002,0.00011,0.99986
32.00000,3.02194,0.00002,0.00003,0.00017,0.99978
32.10000,3.02194,0.00001,0.00002,0.00008,0.99990
32.20000,3.02194,0.00000,0.00001,0.00002,0.99997
32.30000,3.02194,0.00001,0.00002,0.00009,0.99989
32.40000,3.02193,0.00001,0.00002,0.00007,0.99991
32.50000,3.02194,0.00002,0.00003,0.00014,0.99982
32.60000,3.02194,0.00000,0.00001,0.00009,0.99989
32.70000,3.02194,0.00001,0.00002,0.00013,0.99985
32.80000,3.02194,0.00001,0.00002,0.00015,0.99982
32.90000,3.02193,0.00001,0.00002,0.00011,0.99986
33.00000,3.02194,0.00000,0.00002,0.00009,0.99989
33.10000,3.02194,0.00002,0.00004,0.00036,0.99958
33.20000,3.02194,0.00000,0.00002,0.00005,0.99992
33.30000,3.02194,0.00003,0.00007,0.00045,0.99944
33.40000,3.02193,0.00001,0.00004,0.00015,0.99981
33.50000,3.02194,0.00001,0.00003,0.00011,0.99986
33.60000,3.02194,0.00002,0.00006,0.00016,0.99977
33.70000,3.02194,0.00009,0.00014,0.00028,0.99949
33.80000,3.02194,0.00011,0.00015,0.00030,0.99945
33.90000,3.02193,0.00024,0.00022,0.00044,0.99910
34.00000,3.02194,0.00009,0.00011,0.00054,0.99926
34.10000,3.02194,0.00003,0.00005,0.00025,0.99967
34.20000,3.02194,0.00002,0.00004,0.00031,0.99963
34.30000,3.02194,0.00003,0.00003,0.00053,0.99940
34.40000,3.02193,0.00006,0.00006,0.00088,0.99900
34.50000,3.02194,0.00007,0.00006,0.00087,0.99900
34.60000,3.02194,0.00009,0.00006,0.00134,0.99852
34.70000,3.02194,0.00001,0.00002,0.00026,0.99970
34.80000,3.02194,0.00001,0.00001,0.00010,0.99988
34.90000,3.02193,0.00004,0.00004,0.00072,0.99921
35.00000,3.02194,0.00001,0.00003,0.00024,0.99972
35.10000,3.02194,0.00031,0.00022,0.00134,0.99814
35.20000,3.02194,0.00009,0.00010,0.00142,0.99839
35.30000,3.02194,0.00028,0.00028,0.00156,0.99787
35.40000,3.02193,0.00023,0.00022,0.00188,0.99768
35.50000,3.02194,0.00067,0.00033,0.00569,0.99332
35.60000,3.02194,0.00016,0.00012,0.00077,0.99895
35.70000,3.02194,0.00024,0.00014,0.00338,0.99623
35.80000,3.02194,0.00018,0.00011,0.00301,0.99670
35.90000,3.02193,0.00008,0.00007,0.00162,0.99824
36.00000,3.02194,0.00029,0.00017,0.00248,0.99705
36.10000,3.02194,0.00107,0.00055,0.00317,0.99521
36.20000,3.02194,0.00032,0.00030,0.00141,0.99797
36.30000,3.02194,0.00034,0.00035,0.00204,0.99726
36.40000,3.02193,0.00035,0.00031,0.00290,0.99645
36.50000,3.02194,0.00031,0.00029,0.00229,0.99712
36.60000,3.02194,0.00022,0.00021,0.00078,0.99879
36.70000,3.02194,0.00013,0.00015,0.00126,0.99845
36.80000,3.02194,0.00005,0.00007,0.00052,0.99935
36.90000,3.02193,0.00001,0.00002,0.00016,0.99982
37.00000,3.02194,0.00000,0.00001,0.00005,0.99994
37.10000,3.02194,0.00001,0.00002,0.00015,0.99982
37.20000,3.02194,0.00001,0.00002,0.00020,0.99976
37.30000,3.02194,0.00001,0.00002,0.00014,0.99982
37.40000,3.02193,0.00001,0.00002,0.00014,0.99983
37.50000,3.02194,0.00001,0.00003,0.00015,0.99981
37.60000,3.02194,0.00001,0.00002,0.00011,0.99986
37.70000,3.02194,0.00000,0.00002,0.00005,0.99992
37.80000,3.02194,0.00001,0.00003,0.00007,0.99990
37.90000,3.02193,0.00001,0.00004,0.00018,0.99977
38.00000,3.02194,0.00001,0.00002,0.00006,0.99992
38.10000,3.02194,0.00001,0.00002,0.00013,0.99984
38.20000,3.02194,0.00001,0.00002,0.00030,0.99967
38.30000,3.02194,0.00001,0.00002,0.00016,0.99982
38.40000,3.02193,0.00002,0.00003,0.00043,0.99952
38.50000,3.02194,0.00001,0.00003,0.00021,0.99975
38.60000,3.02194,0.00000,0.00002,0.00009,0.99989
38.70000,3.02194,0.00000,0.00002,0.00013,0.99985
38.80000,3.02194,0.00001,0.00002,0.00012,0.99985
38.90000,3.02193,0.00001,0.00003,0.00013,0.99984
39.00000,3.02194,0.00001,0.00004,0.00008,0.99988
39.10000,3.02194,0.00001,0.00004,0.00010,0.99985
39.20000,3.02194,0.00001,0.00004,0.00007,0.99988
39.30000,3.02194,0.00001,0.00004,0.00008,0.99987
39.40000,3.02193,0.00001,0.00003,0.00012,0.99984
39.50000,3.02194,0.00001,0.00003,0.00011,0.99985
39.60000,3.02194,0.00001,0.00002,0.00008,0.99989
39.70000,3.02194,0.00000,0.00001,0.00004,0.99995
39.80000,3.02194,0.00000,0.00002,0.00003,0.99995
39.90000,3.02193,0.00001,0.00003,0.00005,0.99992
40.00000,3.02194,0.00003,0.00007,0.00037,0.99953
40.10000,3.02194,0.00003,0.00009,0.00053,0.99935
40.20000,3.02194,0.00010,0.00016,0.00119,0.99855
40.30000,3.02194,0.00014,0.00021,0.00135,0.99831
40.40000,3.02193,0.00012,0.00018,0.00142,0.99827
40.50000,3.02194,0.00006,0.00011,0.00069,0.99914
40.60000,3.02194,0.00004,0.00009,0.00038,0.99949
40.70000,3.02194,0.00002,0.00006,0.00040,0.99952
40.80000,3.02194,0.00001,0.00003,0.00022,0.99974
40.90000,3.02193,0.00001,0.00003,0.00024,0.99972
41.00000,3.02194,0.00001,0.00003,0.00016,0.99980
41.10000,3.02194,0.00001,0.00003,0.00018,0.99979
41.20000,3.02194,0.00001,0.00003,0.00029,0.99967
41.30000,3.02194,0.00001,0.00003,0.00016,0.99980
41.40000,3.02193,0.00002,0.00005,0.00053,0.99940
41.50000,3.02194,0.00001,0.00002,0.00015,0.99981
41.60000,3.02194,0.00001,0.00003,0.00008,0.99988
41.70000,3.02194,0.00001,0.00004,0.00023,0.99972
41.80000,3.02194,0.00001,0.00003,0.00013,0.99983
41.90000,3.02193,0.00000,0.00001,0.00002,0.99996
42.00000,3.02194,0.00000,0.00002,0.00007,0.99990
42.10000,3.02194,0.00001,0.00002,0.00008,0.99989
42.20000,3.02194,0.00000,0.00001,0.00004,0.99994
42.30000,3.02194,0.00000,0.00002,0.00004,0.99993
42.40000,3.02193,0.00001,0.00004,0.00014,0.99981
42.50000,3.02194,0.00002,0.00005,0.00026,0.99967
42.60000,3.02194,0.00001,0.00004,0.00011,0.99984
42.70000,3.02194,0.00001,0.00003,0.00017,0.99979
42.80000,3.02194,0.00000,0.00002,0.00002,0.99996
42.90000,3.02193,0.00003,0.00008,0.00038,0.99952
43.00000,3.02194,0.00000,0.00001,0.00001,0.99998
43.10000,3.02194,0.00000,0.00001,0.00002,0.99996
43.20000,3.02194,0.00000,0.00001,0.00001,0.99999
43.30000,3.02194,0.00000,0.00001,0.00001,0.99998
43.40000,3.02193,0.00000,0.00001,0.00001,0.99998
43.50000,3.02194,0.00000,0.00002,0.00001,0.99997
43.60000,3.02194,0.00000,0.00003,0.00000,0.99997
43.70000,3.02194,0.00000,0.00002,0.00001,0.99996
43.80000,3.02194,0.00000,0.00002,0.00001,0.99996
43.90000,3.02193,0.00000,0.00001,0.00001,0.99998
44.00000,3.02194,0.00000,0.00001,0.00001,0.99998
44.10000,3.02194,0.00000,0.00002,0.00002,0.99995
44.20000,3.02194,0.00000,0.00001,0.00001,0.99998
44.30000,3.02194,0.00000,0.00002,0.00002,0.99996
44.40000,3.02193,0.00000,0.00003,0.00003,0.99993
44.50000,3.02194,0.00001,0.00005,0.00004,0.99990
44.60000,3.02194,0.00001,0.00004,0.00018,0.99977
44.70000,3.02194,0.00002,0.00003,0.00026,0.99969
44.80000,3.02194,0.00001,0.00003,0.00009,0.99987
44.90000,3.02193,0.00001,0.00002,0.00020,0.99976
45.00000,3.02194,0.00000,0.00002,0.00008,0.99989
45.10000,3.02194,0.00001,0.00002,0.00013,0.99985
45.20000,3.02194,0.00001,0.00004,0.00017,0.99979
45.30000,3.02194,0.00001,0.00002,0.00015,0.99982
45.40000,3.02193,0.00000,0.00002,0.00011,0.99987
45.50000,3.02194,0.00000,0.00002,0.00003,0.99995
45.60000,3.02194,0.00000,0.00002,0.00009,0.99989
45.70000,3.02194,0.00000,0.00002,0.00009,0.99988
45.80000,3.02194,0.00001,0.00003,0.00017,0.99979
45.90000,3.02193,0.00001,0.00002,0.00012,0.99985
46.00000,3.02194,0.00000,0.00001,0.00010,0.99988
46.10000,3.02194,0.00003,0.00005,0.00043,0.99949
46.20000,3.02194,0.00002,0.00003,0.00040,0.99955
46.30000,3.02194,0.00003,0.00004,0.00063,0.99930
46.40000,3.02193,0.00002,0.00003,0.00062,0.99933
46.50000,3.02194,0.00000,0.00001,0.00010,0.99988
46.60000,3.02194,0.00001,0.00001,0.00007,0.99991
46.70000,3.02194,0.00001,0.00002,0.00014,0.99984
46.80000,3.02194,0.00001,0.00002,0.00013,0.99985
46.90000,3.02193,0.00001,0.00002,0.00019,0.99978
47.00000,3.02194,0.00001,0.00002,0.00005,0.99992
47.10000,3.02194,0.00000,0.00001,0.00004,0.99994
47.20000,3.02194,0.00001,0.00002,0.00011,0.99987
47.30000,3.02194,0.00001,0.00002,0.00009,0.99988
47.40000,3.02193,0.00001,0.00002,0.00004,0.99993
47.50000,3.02194,0.00001,0.00002,0.00019,0.99977
47.60000,3.02194,0.00001,0.00003,0.00013,0.99982
47.70000,3.02194,0.00000,0.00002,0.00005,0.99993
47.80000,3.02194,0.00001,0.00005,0.00014,0.99980
47.90000,3.02193,0.00002,0.00005,0.00019,0.99974
48.00000,3.02194,0.00000,0.00001,0.00003,0.99995
48.10000,3.02194,0.00001,0.00003,0.00007,0.99989
48.20000,3.02194,0.00002,0.00005,0.00035,0.99957
48.30000,3.02194,0.00001,0.00004,0.00027,0.99968
48.40000,3.02193,0.00001,0.00002,0.00009,0.99988
48.50000,3.02194,0.00001,0.00003,0.00017,0.99980
48.60000,3.02194,0.00000,0.00001,0.00008,0.99990
48.70000,3.02194,0.00000,0.00001,0.00005,0.99994
48.80000,3.02194,0.00001,0.00002,0.00005,0.99992
48.90000,3.02193,0.00001,0.00002,0.00007,0.99990
49.00000,3.02194,0.00000,0.00001,0.00002,0.99997
49.10000,3.02194,0.00000,0.00001,0.00005,0.99994
49.20000,3.02194,0.00000,0.00002,0.00002,0.99996
49.30000,3.02194,0.00000,0.00002,0.00005,0.99992
49.40000,3.02193,0.00001,0.00004,0.00011,0.99984
49.50000,3.02194,0.00001,0.00004,0.00009,0.99987
49.60000,3.02194,0.00011,0.00031,0.00031,0.99927
49.70000,3.02194,0.00001,0.00006,0.00008,0.99985
49.80000,3.02194,0.00001,0.00006,0.00011,0.99981
49.90000,3.02193,0.00000,0.00002,0.00006,0.99992
50.00000,3.02194,0.00001,0.00004,0.00017,0.99979
50.10000,3.02194,0.00001,0.00002,0.00012,0.99986
50.20000,3.02194,0.00000,0.00002,0.00011,0.99986
50.30000,3.02194,0.00001,0.00002,0.00020,0.99976
50.40000,3.02193,0.00001,0.00003,0.00018,0.99978
50.50000,3.02194,0.00004,0.00007,0.00058,0.99932
50.60000,3.02194,0.00001,0.00002,0.00017,0.99980
50.70000,3.02194,0.00001,0.00003,0.00031,0.99965
50.80000,3.02194,0.00005,0.00006,0.00093,0.99896
50.90000,3.02193,0.00007,0.00006,0.00119,0.99868
51.00000,3.02194,0.00003,0.00004,0.00044,0.99950
51.10000,3.02194,0.00001,0.00002,0.00031,0.99966
51.20000,3.02194,0.00001,0.00003,0.00022,0.99974
51.30000,3.02194,0.00001,0.00002,0.00011,0.99987
51.40000,3.02193,0.00002,0.00003,0.00032,0.99964
51.50000,3.02194,0.00002,0.00003,0.00040,0.99956
51.60000,3.02194,0.00005,0.00006,0.00078,0.99911
51.70000,3.02194,0.00001,0.00003,0.00017,0.99979
51.80000,3.02194,0.00001,0.00003,0.00023,0.99973
51.90000,3.02193,0.00021,0.00027,0.00157,0.99795
52.00000,3.02194,0.00017,0.00026,0.00110,0.99847
52.10000,3.02194,0.00010,0.00015,0.00104,0.99870
52.20000,3.02194,0.00009,0.00012,0.00083,0.99896
52.30000,3.02194,0.00008,0.00011,0.00106,0.99875
52.40000,3.02193,0.00009,0.00023,0.00008,0.99960
52.50000,3.02194,0.00002,0.00006,0.00024,0.99967
52.60000,3.02194,0.00001,0.00004,0.00028,0.99967
52.70000,3.02194,0.00001,0.00002,0.00009,0.99989
52.80000,3.02194,0.00001,0.00002,0.00015,0.99983
52.90000,3.02193,0.00001,0.00002,0.00007,0.99990
53.00000,3.02194,0.00001,0.00003,0.00002,0.99994
53.10000,3.02194,0.00000,0.00001,0.00001,0.99999
53.20000,3.02194,0.00000,0.00002,0.00002,0.99996
53.30000,3.02194,0.00000,0.00002,0.00003,0.99995
53.40000,3.02193,0.00000,0.00002,0.00004,0.99993
53.50000,3.02194,0.00001,0.00003,0.00007,0.99989
53.60000,3.02194,0.00001,0.00002,0.00011,0.99987
53.70000,3.02194,0.00001,0.00002,0.00007,0.99990
53.80000,3.02194,0.00000,0.00002,0.00007,0.99990
53.90000,3.02193,0.00001,0.00002,0.00015,0.99983
54.00000,3.02194,0.00001,0.00003,0.00017,0.99980
54.10000,3.02194,0.00000,0.00002,0.00006,0.99992
54.20000,3.02194,0.00001,0.00003,0.00008,0.99989
54.30000,3.02194,0.00000,0.00002,0.00007,0.99991
54.40000,3.02193,0.00001,0.00002,0.00023,0.99974
54.50000,3.02194,0.00001,0.00002,0.00012,0.99985
54.60000,3.02194,0.00000,0.00002,0.00001,0.99997
54.70000,3.02194,0.00001,0.00004,0.00006,0.99989
54.80000,3.02194,0.00000,0.00002,0.00002,0.99996
54.90000,3.02193,0.00000,0.00003,0.00007,0.99989
55.00000,3.02194,0.00001,0.00002,0.00011,0.99986
55.10000,3.02194,0.00001,0.00005,0.00007,0.99986
55.20000,3.02194,0.00001,0.00004,0.00006,0.99989
55.30000,3.02194,0.00000,0.00002,0.00004,0.99993
55.40000,3.02193,0.00001,0.00004,0.00012,0.99983
55.50000,3.02194,0.00001,0.00003,0.00012,0.99984
55.60000,3.02194,0.00000,0.00003,0.00009,0.99988
55.70000,3.02194,0.00001,0.00002,0.00006,0.99991
55.80000,3.02194,0.00000,0.00002,0.00001,0.99997
55.90000,3.02193,0.00000,0.00002,0.00004,0.99994
56.00000,3.02194,0.00001,0.00004,0.00022,0.99974
56.10000,3.02194,0.00000,0.00002,0.00006,0.99992
56.20000,3.02194,0.00001,0.00003,0.00012,0.99984
56.30000,3.02194,0.00001,0.00003,0.00017,0.99980
56.40000,3.02193,0.00002,0.00004,0.00045,0.99949
