Time (seconds), Duration (seconds),pred_unlabelled,pred_Chainsaw,pred_Standby,pred_Human
0.00000,3.02194,0.00001,0.00003,0.00007,0.99989
0.10000,3.02194,0.00001,0.00004,0.00003,0.99992
0.20000,3.02194,0.00000,0.00001,0.00001,0.99999
0.30000,3.02194,0.00001,0.00002,0.00001,0.99996
0.40000,3.02194,0.00000,0.00001,0.00002,0.99996
0.50000,3.02194,0.00000,0.00002,0.00003,0.99995
0.60000,3.02194,0.00000,0.00002,0.00002,0.99996
0.70000,3.02194,0.00000,0.00001,0.00002,0.99996
0.80000,3.02194,0.00000,0.00001,0.00000,0.99998
0.90000,3.02194,0.00000,0.00001,0.00003,0.99996
1.00000,3.02194,0.00000,0.00002,0.00002,0.99996
1.10000,3.02194,0.00000,0.00002,0.00003,0.99995
1.20000,3.02194,0.00001,0.00002,0.00004,0.99993
1.30000,3.02194,0.00002,0.00004,0.00019,0.99974
1.40000,3.02194,0.00002,0.00003,0.00008,0.99987
1.50000,3.02194,0.00001,0.00002,0.00004,0.99993
1.60000,3.02194,0.00000,0.00002,0.00002,0.99996
1.70000,3.02194,0.00000,0.00001,0.00001,0.99998
1.80000,3.02194,0.00000,0.00001,0.00001,0.99998
1.90000,3.02194,0.00000,0.00001,0.00001,0.99997
2.00000,3.02194,0.00000,0.00001,0.00003,0.99995
2.10000,3.02194,0.00001,0.00002,0.00003,0.99994
2.20000,3.02194,0.00001,0.00003,0.00001,0.99995
2.30000,3.02194,0.00000,0.00002,0.00000,0.99997
2.40000,3.02194,0.00001,0.00004,0.00001,0.99995
2.50000,3.02194,0.00000,0.00002,0.00000,0.99998
2.60000,3.02194,0.00000,0.00001,0.00001,0.99998
2.70000,3.02194,0.00000,0.00003,0.00000,0.99997
2.80000,3.02194,0.00000,0.00002,0.00001,0.99997
2.90000,3.02194,0.00000,0.00001,0.00001,0.99998
3.00000,3.02194,0.00000,0.00002,0.00001,0.99997
3.10000,3.02194,0.00000,0.00002,0.00001,0.99997
3.20000,3.02194,0.00000,0.00001,0.00001,0.99997
3.30000,3.02194,0.00001,0.00004,0.00001,0.99994
3.40000,3.02194,0.00000,0.00003,0.00001,0.99996
3.50000,3.02194,0.00000,0.00002,0.00002,0.99996
3.60000,3.02194,0.00000,0.00002,0.00003,0.99994
3.70000,3.02194,0.00001,0.00002,0.00007,0.99990
3.80000,3.02194,0.00001,0.00003,0.00019,0.99977
3.90000,3.02194,0.00001,0.00002,0.00014,0.99983
4.00000,3.02194,0.00001,0.00002,0.00009,0.99988
4.10000,3.02194,0.00000,0.00001,0.00009,0.99989
4.20000,3.02194,0.00001,0.00002,0.00005,0.99992
4.30000,3.02194,0.00000,0.00001,0.00001,0.99998
4.40000,3.02194,0.00000,0.00002,0.00002,0.99996
4.50000,3.02194,0.00001,0.00003,0.00001,0.99996
4.60000,3.02194,0.00000,0.00001,0.00001,0.99998
4.70000,3.02194,0.00000,0.00002,0.00000,0.99998
4.80000,3.02194,0.00001,0.00003,0.00002,0.99994
4.90000,3.02194,0.00001,0.00003,0.00003,0.99993
5.00000,3.02194,0.00000,0.00001,0.00001,0.99998
5.10000,3.02194,0.00001,0.00003,0.00003,0.99994
5.20000,3.02194,0.00000,0.00001,0.00001,0.99998
5.30000,3.02194,0.00000,0.00001,0.00005,0.99993
5.40000,3.02194,0.00002,0.00003,0.00023,0.99972
5.50000,3.02194,0.00004,0.00005,0.00066,0.99925
5.60000,3.02194,0.00002,0.00004,0.00031,0.99963
5.70000,3.02194,0.00003,0.00004,0.00043,0.99951
5.80000,3.02194,0.00001,0.00002,0.00015,0.99983
5.90000,3.02194,0.00001,0.00003,0.00011,0.99986
6.00000,3.02194,0.00001,0.00002,0.00012,0.99984
6.10000,3.02194,0.00001,0.00002,0.00026,0.99971
6.20000,3.02194,0.00003,0.00003,0.00042,0.99953
6.30000,3.02194,0.00000,0.00001,0.00006,0.99993
6.40000,3.02194,0.00000,0.00001,0.00003,0.99996
6.50000,3.02194,0.00000,0.00001,0.00003,0.99995
6.60000,3.02194,0.00000,0.00002,0.00001,0.99997
6.70000,3.02194,0.00000,0.00002,0.00005,0.99993
6.80000,3.02194,0.00000,0.00002,0.00003,0.99995
6.90000,3.02194,0.00000,0.00001,0.00002,0.99997
7.00000,3.02194,0.00000,0.00001,0.00003,0.99996
7.10000,3.02194,0.00001,0.00002,0.00009,0.99989
7.20000,3.02194,0.00001,0.00005,0.00003,0.99991
7.30000,3.02194,0.00001,0.00002,0.00005,0.99992
7.40000,3.02194,0.00001,0.00002,0.00006,0.99990
7.50000,3.02194,0.00000,0.00001,0.00003,0.99996
7.60000,3.02194,0.00001,0.00002,0.00021,0.99975
7.70000,3.02194,0.00001,0.00002,0.00014,0.99984
7.80000,3.02194,0.00001,0.00002,0.00015,0.99981
7.90000,3.02194,0.00001,0.00002,0.00025,0.99972
8.00000,3.02194,0.00002,0.00003,0.00030,0.99965
8.10000,3.02194,0.00001,0.00001,0.00014,0.99984
8.20000,3.02194,0.00002,0.00004,0.00009,0.99985
8.30000,3.02194,0.00000,0.00001,0.00002,0.99997
8.40000,3.02194,0.00001,0.00002,0.00008,0.99990
8.50000,3.02194,0.00000,0.00001,0.00003,0.99996
8.60000,3.02194,0.00001,0.00003,0.00003,0.99994
8.70000,3.02194,0.00001,0.00002,0.00007,0.99991
8.80000,3.02194,0.00001,0.00002,0.00008,0.99989
8.90000,3.02194,0.00004,0.00006,0.00031,0.99959
9.00000,3.02194,0.00005,0.00006,0.00058,0.99932
9.10000,3.02194,0.00002,0.00003,0.00028,0.99966
9.20000,3.02194,0.00001,0.00003,0.00018,0.99978
9.30000,3.02194,0.00001,0.00003,0.00024,0.99972
9.40000,3.02194,0.00001,0.00002,0.00015,0.99982
9.50000,3.02194,0.00001,0.00002,0.00018,0.99979
9.60000,3.02194,0.00001,0.00002,0.00020,0.99977
9.70000,3.02194,0.00005,0.00005,0.00100,0.99890
9.80000,3.02194,0.00002,0.00003,0.00034,0.99961
9.90000,3.02194,0.00000,0.00002,0.00006,0.99992
10.00000,3.02194,0.00001,0.00002,0.00013,0.99984
10.10000,3.02194,0.00003,0.00005,0.00028,0.99964
10.20000,3.02194,0.00001,0.00002,0.00006,0.99990
10.30000,3.02194,0.00000,0.00002,0.00000,0.99998
10.40000,3.02194,0.00000,0.00001,0.00001,0.99998
10.50000,3.02194,0.00000,0.00002,0.00000,0.99997
10.60000,3.02194,0.00000,0.00002,0.00001,0.99997
10.70000,3.02194,0.00003,0.00008,0.00004,0.99986
10.80000,3.02194,0.00001,0.00005,0.00002,0.99992
10.90000,3.02194,0.00001,0.00003,0.00002,0.99995
11.00000,3.02194,0.00000,0.00002,0.00002,0.99996
11.10000,3.02194,0.00000,0.00001,0.00002,0.99997
11.20000,3.02194,0.00000,0.00002,0.00001,0.99997
11.30000,3.02194,0.00000,0.00001,0.00001,0.99998
11.40000,3.02194,0.00000,0.00002,0.00001,0.99997
11.50000,3.02194,0.00001,0.00002,0.00005,0.99993
11.60000,3.02194,0.00001,0.00003,0.00002,0.99994
11.70000,3.02194,0.00001,0.00004,0.00002,0.99993
11.80000,3.02194,0.00000,0.00002,0.00001,0.99997
11.90000,3.02194,0.00000,0.00001,0.00001,0.99998
12.00000,3.02194,0.00000,0.00001,0.00001,0.99998
12.10000,3.02194,0.00000,0.00001,0.00001,0.99998
12.20000,3.02194,0.00000,0.00002,0.00001,0.99997
12.30000,3.02194,0.00000,0.00002,0.00000,0.99998
12.40000,3.02194,0.00000,0.00002,0.00001,0.99998
12.50000,3.02194,0.00001,0.00003,0.00001,0.99995
12.60000,3.02194,0.00000,0.00002,0.00003,0.99994
12.70000,3.02194,0.00000,0.00001,0.00000,0.99998
12.80000,3.02194,0.00000,0.00001,0.00001,0.99998
12.90000,3.02194,0.00000,0.00001,0.00001,0.99998
13.00000,3.02194,0.00001,0.00004,0.00001,0.99995
13.10000,3.02194,0.00000,0.00001,0.00001,0.99997
13.20000,3.02194,0.00000,0.00003,0.00001,0.99996
13.30000,3.02194,0.00000,0.00001,0.00001,0.99997
13.40000,3.02194,0.00000,0.00001,0.00000,0.99999
13.50000,3.02194,0.00000,0.00002,0.00001,0.99997
13.60000,3.02194,0.00001,0.00006,0.00002,0.99991
13.70000,3.02194,0.00000,0.00002,0.00001,0.99996
13.80000,3.02194,0.00001,0.00003,0.00001,0.99995
13.90000,3.02194,0.00001,0.00004,0.00004,0.99992
14.00000,3.02194,0.00000,0.00002,0.00001,0.99997
14.10000,3.02194,0.00000,0.00002,0.00001,0.99996
14.20000,3.02194,0.00000,0.00002,0.00004,0.99994
14.30000,3.02194,0.00000,0.00003,0.00006,0.99990
14.40000,3.02194,0.00000,0.00001,0.00003,0.99996
14.50000,3.02194,0.00001,0.00003,0.00002,0.99995
14.60000,3.02194,0.00000,0.00001,0.00003,0.99996
14.70000,3.02194,0.00000,0.00002,0.00005,0.99993
14.80000,3.02194,0.00001,0.00003,0.00010,0.99986
14.90000,3.02194,0.00000,0.00002,0.00006,0.99991
15.00000,3.02194,0.00001,0.00003,0.00022,0.99974
15.10000,3.02194,0.00000,0.00002,0.00005,0.99992
15.20000,3.02194,0.00000,0.00003,0.00004,0.99993
15.30000,3.02194,0.00001,0.00003,0.00008,0.99989
15.40000,3.02194,0.00001,0.00004,0.00013,0.99982
15.50000,3.02194,0.00001,0.00003,0.00012,0.99985
15.60000,3.02194,0.00001,0.00002,0.00016,0.99981
15.70000,3.02194,0.00001,0.00002,0.00011,0.99986
15.80000,3.02194,0.00000,0.00001,0.00004,0.99995
15.90000,3.02194,0.00000,0.00002,0.00012,0.99986
16.00000,3.02194,0.00000,0.00001,0.00004,0.99995
16.10000,3.02194,0.00000,0.00002,0.00001,0.99997
16.20000,3.02194,0.00000,0.00002,0.00003,0.99995
16.30000,3.02194,0.00000,0.00002,0.00002,0.99996
16.40000,3.02194,0.00000,0.00002,0.00003,0.99995
16.50000,3.02194,0.00000,0.00002,0.00004,0.99994
16.60000,3.02194,0.00000,0.00002,0.00004,0.99994
16.70000,3.02194,0.00000,0.00003,0.00003,0.99993
16.80000,3.02194,0.00001,0.00005,0.00006,0.99988
16.90000,3.02194,0.00001,0.00004,0.00009,0.99986
17.00000,3.02194,0.00001,0.00003,0.00018,0.99978
17.10000,3.02194,0.00001,0.00002,0.00010,0.99987
17.20000,3.02194,0.00001,0.00002,0.00003,0.99994
17.30000,3.02194,0.00000,0.00002,0.00001,0.99997
17.40000,3.02194,0.00000,0.00001,0.00002,0.99997
17.50000,3.02194,0.00000,0.00001,0.00003,0.99995
17.60000,3.02194,0.00000,0.00002,0.00004,0.99994
17.70000,3.02194,0.00000,0.00001,0.00002,0.99997
17.80000,3.02194,0.00000,0.00002,0.00008,0.99990
17.90000,3.02194,0.00000,0.00002,0.00001,0.99997
18.00000,3.02194,0.00000,0.00002,0.00000,0.99997
18.10000,3.02194,0.00001,0.00005,0.00001,0.99993
18.20000,3.02194,0.00000,0.00001,0.00001,0.99998
18.30000,3.02194,0.00000,0.00002,0.00001,0.99996
18.40000,3.02194,0.00001,0.00002,0.00002,0.99995
18.50000,3.02194,0.00000,0.00001,0.00001,0.99997
18.60000,3.02194,0.00000,0.00002,0.00004,0.99994
18.70000,3.02194,0.00001,0.00003,0.00006,0.99991
18.80000,3.02194,0.00000,0.00002,0.00004,0.99994
18.90000,3.02194,0.00001,0.00003,0.00009,0.99988
19.00000,3.02194,0.00005,0.00007,0.00039,0.99949
19.10000,3.02194,0.00001,0.00003,0.00019,0.99977
19.20000,3.02194,0.00001,0.00003,0.00017,0.99979
19.30000,3.02194,0.00001,0.00003,0.00003,0.99993
19.40000,3.02194,0.00001,0.00002,0.00004,0.99993
19.50000,3.02194,0.00000,0.00002,0.00001,0.99997
19.60000,3.02194,0.00000,0.00002,0.00000,0.99997
19.70000,3.02194,0.00000,0.00002,0.00001,0.99998
19.80000,3.02194,0.00001,0.00002,0.00001,0.99997
19.90000,3.02194,0.00000,0.00001,0.00001,0.99997
20.00000,3.02194,0.00000,0.00001,0.00002,0.99997
20.10000,3.02194,0.00000,0.00002,0.00003,0.99994
20.20000,3.02194,0.00001,0.00003,0.00003,0.99994
20.30000,3.02194,0.00000,0.00000,0.00001,0.99999
20.40000,3.02194,0.00000,0.00002,0.00003,0.99995
20.50000,3.02194,0.00001,0.00003,0.00007,0.99989
20.60000,3.02194,0.00001,0.00002,0.00010,0.99987
20.70000,3.02194,0.00000,0.00002,0.00002,0.99995
20.80000,3.02194,0.00000,0.00002,0.00003,0.99995
20.90000,3.02194,0.00000,0.00001,0.00000,0.99998
21.00000,3.02194,0.00000,0.00001,0.00000,0.99998
21.10000,3.02194,0.00000,0.00001,0.00002,0.99997
21.20000,3.02194,0.00001,0.00002,0.00004,0.99994
21.30000,3.02194,0.00000,0.00001,0.00001,0.99998
21.40000,3.02194,0.00000,0.00002,0.00001,0.99997
21.50000,3.02194,0.00000,0.00002,0.00001,0.99997
21.60000,3.02194,0.00001,0.00003,0.00002,0.99994
21.70000,3.02194,0.00001,0.00003,0.00004,0.99992
21.80000,3.02194,0.00000,0.00001,0.00003,0.99996
21.90000,3.02194,0.00000,0.00001,0.00002,0.99997
22.00000,3.02194,0.00000,0.00001,0.00002,0.99996
22.10000,3.02194,0.00001,0.00005,0.00001,0.99993
22.20000,3.02194,0.00000,0.00002,0.00002,0.99996
22.30000,3.02194,0.00000,0.00001,0.00001,0.99998
22.40000,3.02194,0.00000,0.00002,0.00001,0.99997
22.50000,3.02194,0.00000,0.00001,0.00001,0.99997
22.60000,3.02194,0.00000,0.00002,0.00003,0.99995
22.70000,3.02194,0.00000,0.00003,0.00004,0.99993
22.80000,3.02194,0.00001,0.00004,0.00011,0.99984
22.90000,3.02194,0.00000,0.00001,0.00002,0.99996
23.00000,3.02194,0.00001,0.00002,0.00015,0.99981
23.10000,3.02194,0.00001,0.00003,0.00002,0.99994
23.20000,3.02194,0.00001,0.00004,0.00004,0.99992
23.30000,3.02194,0.00000,0.00002,0.00000,0.99998
23.40000,3.02194,0.00009,0.00021,0.00009,0.99962
23.50000,3.02194,0.00326,0.00232,0.00312,0.99130
23.60000,3.02194,0.00005,0.00012,0.00023,0.99961
23.70000,3.02194,0.00003,0.00006,0.00034,0.99957
23.80000,3.02194,0.00001,0.00004,0.00013,0.99982
23.90000,3.02194,0.00002,0.00004,0.00008,0.99987
24.00000,3.02194,0.00000,0.00001,0.00003,0.99996
24.10000,3.02194,0.00000,0.00001,0.00006,0.99992
24.20000,3.02194,0.00000,0.00001,0.00003,0.99995
24.30000,3.02194,0.00000,0.00002,0.00003,0.99995
24.40000,3.02194,0.00000,0.00001,0.00003,0.99995
24.50000,3.02194,0.00000,0.00001,0.00005,0.99993
24.60000,3.02194,0.00000,0.00001,0.00005,0.99993
24.70000,3.02194,0.00001,0.00002,0.00009,0.99989
24.80000,3.02194,0.00001,0.00002,0.00007,0.99991
24.90000,3.02194,0.00000,0.00001,0.00003,0.99995
25.00000,3.02194,0.00000,0.00002,0.00004,0.99993
25.10000,3.02194,0.00001,0.00002,0.00016,0.99981
25.20000,3.02194,0.00001,0.00002,0.00017,0.99979
25.30000,3.02194,0.00001,0.00002,0.00016,0.99981
25.40000,3.02194,0.00001,0.00002,0.00006,0.99992
25.50000,3.02194,0.00001,0.00002,0.00009,0.99989
25.60000,3.02194,0.00001,0.00002,0.00008,0.99989
25.70000,3.02194,0.00001,0.00002,0.00007,0.99991
25.80000,3.02194,0.00000,0.00001,0.00001,0.99998
25.90000,3.02194,0.00000,0.00001,0.00001,0.99998
26.00000,3.02194,0.00000,0.00001,0.00002,0.99997
26.10000,3.02194,0.00000,0.00001,0.00001,0.99998
26.20000,3.02194,0.00000,0.00001,0.00001,0.99998
26.30000,3.02194,0.00000,0.00001,0.00001,0.99998
26.40000,3.02194,0.00000,0.00001,0.00001,0.99999
26.50000,3.02194,0.00000,0.00001,0.00000,0.99998
26.60000,3.02194,0.00000,0.00001,0.00002,0.99997
26.70000,3.02194,0.00000,0.00001,0.00001,0.99998
26.80000,3.02194,0.00001,0.00003,0.00003,0.99993
26.90000,3.02194,0.00000,0.00002,0.00004,0.99994
27.00000,3.02194,0.00000,0.00002,0.00001,0.99996
27.10000,3.02194,0.00000,0.00001,0.00001,0.99998
27.20000,3.02194,0.00000,0.00001,0.00001,0.99997
27.30000,3.02194,0.00000,0.00001,0.00000,0.99998
27.40000,3.02194,0.00000,0.00001,0.00001,0.99997
27.50000,3.02194,0.00001,0.00003,0.00001,0.99996
27.60000,3.02194,0.00000,0.00001,0.00002,0.99997
27.70000,3.02194,0.00000,0.00001,0.00002,0.99996
27.80000,3.02194,0.00000,0.00002,0.00002,0.99996
27.90000,3.02194,0.00001,0.00003,0.00004,0.99993
28.00000,3.02194,0.00001,0.00002,0.00005,0.99992
28.10000,3.02194,0.00000,0.00002,0.00004,0.99994
28.20000,3.02194,0.00000,0.00002,0.00003,0.99995
28.30000,3.02194,0.00000,0.00002,0.00003,0.99995
28.40000,3.02194,0.00000,0.00002,0.00001,0.99996
28.50000,3.02194,0.00000,0.00001,0.00003,0.99996
28.60000,3.02194,0.00001,0.00003,0.00002,0.99995
28.70000,3.02194,0.00000,0.00001,0.00001,0.99998
28.80000,3.02194,0.00000,0.00001,0.00001,0.99997
28.90000,3.02194,0.00000,0.00001,0.00001,0.99997
29.00000,3.02194,0.00000,0.00001,0.00001,0.99998
29.10000,3.02194,0.00000,0.00002,0.00001,0.99997
29.20000,3.02194,0.00000,0.00002,0.00001,0.99997
29.30000,3.02194,0.00001,0.00004,0.00002,0.99994
29.40000,3.02194,0.00001,0.00004,0.00000,0.99995
29.50000,3.02194,0.00001,0.00004,0.00001,0.99994
29.60000,3.02194,0.00001,0.00005,0.00002,0.99992
29.70000,3.02194,0.00000,0.00003,0.00000,0.99996
29.80000,3.02194,0.00000,0.00003,0.00000,0.99996
29.90000,3.02194,0.00001,0.00003,0.00001,0.99995
30.00000,3.02194,0.00001,0.00004,0.00001,0.99994
30.10000,3.02194,0.00001,0.00004,0.00000,0.99995
30.20000,3.02194,0.00001,0.00003,0.00001,0.99995
30.30000,3.02194,0.00000,0.00003,0.00001,0.99996
30.40000,3.02194,0.00000,0.00003,0.00000,0.99997
30.50000,3.02194,0.00000,0.00002,0.00000,0.99997
30.60000,3.02194,0.00000,0.00001,0.00001,0.99998
30.70000,3.02194,0.00000,0.00002,0.00000,0.99998
30.80000,3.02194,0.00000,0.00002,0.00001,0.99997
30.90000,3.02194,0.00000,0.00003,0.00000,0.99997
31.00000,3.02194,0.00000,0.00002,0.00001,0.99997
31.10000,3.02194,0.00001,0.00003,0.00003,0.99992
31.20000,3.02194,0.00001,0.00006,0.00001,0.99993
31.30000,3.02194,0.00000,0.00001,0.00001,0.99998
31.40000,3.02194,0.00000,0.00002,0.00002,0.99995
31.50000,3.02194,0.00000,0.00002,0.00001,0.99997
31.60000,3.02194,0.00001,0.00006,0.00001,0.99992
31.70000,3.02194,0.00000,0.00003,0.00001,0.99996
31.80000,3.02194,0.00000,0.00003,0.00001,0.99996
31.90000,3.02194,0.00000,0.00003,0.00000,0.99996
32.00000,3.02194,0.00000,0.00002,0.00001,0.99997
32.10000,3.02194,0.00000,0.00002,0.00001,0.99998
32.20000,3.02194,0.00000,0.00002,0.00001,0.99997
32.30000,3.02194,0.00000,0.00002,0.00001,0.99997
32.40000,3.02193,0.00000,0.00002,0.00002,0.99996
32.50000,3.02194,0.00001,0.00003,0.00008,0.99988
32.60000,3.02194,0.00001,0.00003,0.00003,0.99994
32.70000,3.02194,0.00000,0.00002,0.00003,0.99995
32.80000,3.02194,0.00000,0.00003,0.00001,0.99996
32.90000,3.02193,0.00001,0.00003,0.00001,0.99995
33.00000,3.02194,0.00000,0.00003,0.00001,0.99996
33.10000,3.02194,0.00000,0.00001,0.00001,0.99998
33.20000,3.02194,0.00000,0.00002,0.00002,0.99996
33.30000,3.02194,0.00001,0.00003,0.00003,0.99993
33.40000,3.02193,0.00000,0.00001,0.00001,0.99998
33.50000,3.02194,0.00000,0.00001,0.00002,0.99997
33.60000,3.02194,0.00000,0.00002,0.00006,0.99991
33.70000,3.02194,0.00000,0.00002,0.00004,0.99994
33.80000,3.02194,0.00000,0.00001,0.00002,0.99997
33.90000,3.02193,0.00000,0.00002,0.00003,0.99995
34.00000,3.02194,0.00001,0.00002,0.00007,0.99990
34.10000,3.02194,0.00001,0.00002,0.00010,0.99988
34.20000,3.02194,0.00002,0.00004,0.00033,0.99960
34.30000,3.02194,0.00001,0.00003,0.00026,0.99970
34.40000,3.02193,0.00000,0.00002,0.00006,0.99991
34.50000,3.02194,0.00001,0.00002,0.00008,0.99989
34.60000,3.02194,0.00001,0.00002,0.00004,0.99993
34.70000,3.02194,0.00001,0.00003,0.00013,0.99983
34.80000,3.02194,0.00001,0.00003,0.00004,0.99993
34.90000,3.02193,0.00000,0.00002,0.00001,0.99997
35.00000,3.02194,0.00000,0.00001,0.00002,0.99997
35.10000,3.02194,0.00000,0.00001,0.00005,0.99993
35.20000,3.02194,0.00001,0.00002,0.00010,0.99987
35.30000,3.02194,0.00001,0.00003,0.00014,0.99983
35.40000,3.02193,0.00001,0.00003,0.00015,0.99981
35.50000,3.02194,0.00001,0.00003,0.00009,0.99987
35.60000,3.02194,0.00000,0.00003,0.00004,0.99993
35.70000,3.02194,0.00001,0.00004,0.00017,0.99978
35.80000,3.02194,0.00000,0.00002,0.00008,0.99990
35.90000,3.02193,0.00001,0.00003,0.00008,0.99988
36.00000,3.02194,0.00000,0.00002,0.00003,0.99995
36.10000,3.02194,0.00000,0.00002,0.00004,0.99994
36.20000,3.02194,0.00001,0.00003,0.00010,0.99986
36.30000,3.02194,0.00001,0.00003,0.00012,0.99984
36.40000,3.02193,0.00002,0.00004,0.00025,0.99969
36.50000,3.02194,0.00001,0.00002,0.00017,0.99980
36.60000,3.02194,0.00002,0.00003,0.00031,0.99964
36.70000,3.02194,0.00009,0.00007,0.00088,0.99897
36.80000,3.02194,0.00001,0.00002,0.00018,0.99980
36.90000,3.02193,0.00001,0.00002,0.00016,0.99981
37.00000,3.02194,0.00001,0.00002,0.00026,0.99971
37.10000,3.02194,0.00001,0.00002,0.00010,0.99987
37.20000,3.02194,0.00002,0.00004,0.00008,0.99986
37.30000,3.02194,0.00001,0.00003,0.00010,0.99986
37.40000,3.02193,0.00001,0.00002,0.00009,0.99988
37.50000,3.02194,0.00002,0.00004,0.00045,0.99949
37.60000,3.02194,0.00001,0.00002,0.00017,0.99981
37.70000,3.02194,0.00001,0.00003,0.00014,0.99982
37.80000,3.02194,0.00001,0.00002,0.00006,0.99992
37.90000,3.02193,0.00000,0.00002,0.00003,0.99995
38.00000,3.02194,0.00000,0.00002,0.00001,0.99997
38.10000,3.02194,0.00000,0.00001,0.00001,0.99998
38.20000,3.02194,0.00000,0.00001,0.00000,0.99998
38.30000,3.02194,0.00000,0.00001,0.00003,0.99995
38.40000,3.02193,0.00000,0.00002,0.00003,0.99995
38.50000,3.02194,0.00000,0.00002,0.00004,0.99994
38.60000,3.02194,0.00000,0.00002,0.00001,0.99997
38.70000,3.02194,0.00000,0.00001,0.00004,0.99995
38.80000,3.02194,0.00000,0.00001,0.00003,0.99996
38.90000,3.02193,0.00001,0.00002,0.00003,0.99994
39.00000,3.02194,0.00001,0.00003,0.00007,0.99990
39.10000,3.02194,0.00001,0.00002,0.00007,0.99991
39.20000,3.02194,0.00002,0.00006,0.00003,0.99989
39.30000,3.02194,0.00000,0.00002,0.00003,0.99995
39.40000,3.02193,0.00001,0.00002,0.00003,0.99994
39.50000,3.02194,0.00000,0.00001,0.00001,0.99998
39.60000,3.02194,0.00000,0.00001,0.00002,0.99997
39.70000,3.02194,0.00001,0.00002,0.00002,0.99995
39.80000,3.02194,0.00000,0.00001,0.00002,0.99997
39.90000,3.02193,0.00000,0.00001,0.00003,0.99995
40.00000,3.02194,0.00000,0.00002,0.00001,0.99997
40.10000,3.02194,0.00000,0.00001,0.00001,0.99998
40.20000,3.02194,0.00001,0.00002,0.00001,0.99996
40.30000,3.02194,0.00000,0.00001,0.00000,0.99998
40.40000,3.02193,0.00000,0.00002,0.00001,0.99997
40.50000,3.02194,0.00000,0.00001,0.00002,0.99996
40.60000,3.02194,0.00001,0.00003,0.00011,0.99985
40.70000,3.02194,0.00009,0.00009,0.00085,0.99896
40.80000,3.02194,0.00003,0.00005,0.00046,0.99946
40.90000,3.02193,0.00010,0.00008,0.00100,0.99883
41.00000,3.02194,0.00001,0.00002,0.00013,0.99983
41.10000,3.02194,0.00004,0.00005,0.00068,0.99923
41.20000,3.02194,0.00001,0.00002,0.00033,0.99964
41.30000,3.02194,0.00002,0.00002,0.00015,0.99981
41.40000,3.02193,0.00001,0.00002,0.00006,0.99992
41.50000,3.02194,0.00001,0.00002,0.00022,0.99975
41.60000,3.02194,0.00008,0.00006,0.00093,0.99894
41.70000,3.02194,0.00001,0.00002,0.00026,0.99970
41.80000,3.02194,0.00003,0.00004,0.00058,0.99934
41.90000,3.02193,0.00002,0.00004,0.00033,0.99962
42.00000,3.02194,0.00005,0.00005,0.00024,0.99967
42.10000,3.02194,0.00001,0.00002,0.00027,0.99970
42.20000,3.02194,0.00003,0.00003,0.00026,0.99967
42.30000,3.02194,0.00001,0.00003,0.00027,0.99969
42.40000,3.02193,0.00002,0.00004,0.00032,0.99962
42.50000,3.02194,0.00001,0.00002,0.00029,0.99967
42.60000,3.02194,0.00001,0.00002,0.00027,0.99970
42.70000,3.02194,0.00001,0.00002,0.00032,0.99964
42.80000,3.02194,0.00000,0.00001,0.00009,0.99990
42.90000,3.02193,0.00001,0.00002,0.00010,0.99987
43.00000,3.02194,0.00001,0.00003,0.00014,0.99982
43.10000,3.02194,0.00001,0.00003,0.00012,0.99985
43.20000,3.02194,0.00001,0.00002,0.00019,0.99978
43.30000,3.02194,0.00001,0.00002,0.00022,0.99975
43.40000,3.02193,0.00001,0.00003,0.00037,0.99959
43.50000,3.02194,0.00001,0.00002,0.00017,0.99980
43.60000,3.02194,0.00000,0.00002,0.00010,0.99988
43.70000,3.02194,0.00001,0.00003,0.00018,0.99978
43.80000,3.02194,0.00001,0.00003,0.00014,0.99982
43.90000,3.02193,0.00002,0.00005,0.00024,0.99969
44.00000,3.02194,0.00001,0.00002,0.00015,0.99983
44.10000,3.02194,0.00000,0.00002,0.00008,0.99991
44.20000,3.02194,0.00000,0.00002,0.00010,0.99988
44.30000,3.02194,0.00001,0.00002,0.00014,0.99983
44.40000,3.02193,0.00001,0.00002,0.00010,0.99987
44.50000,3.02194,0.00001,0.00002,0.00019,0.99979
44.60000,3.02194,0.00000,0.00002,0.00007,0.99991
44.70000,3.02194,0.00001,0.00002,0.00008,0.99989
44.80000,3.02194,0.00000,0.00001,0.00002,0.99997
44.90000,3.02193,0.00000,0.00001,0.00001,0.99997
45.00000,3.02194,0.00000,0.00002,0.00006,0.99992
45.10000,3.02194,0.00002,0.00004,0.00034,0.99960
45.20000,3.02194,0.00000,0.00002,0.00001,0.99997
45.30000,3.02194,0.00000,0.00001,0.00001,0.99997
45.40000,3.02193,0.00001,0.00002,0.00012,0.99985
45.50000,3.02194,0.00001,0.00002,0.00015,0.99982
45.60000,3.02194,0.00001,0.00003,0.00022,0.99975
45.70000,3.02194,0.00001,0.00002,0.00012,0.99985
45.80000,3.02194,0.00000,0.00001,0.00002,0.99997
45.90000,3.02193,0.00001,0.00001,0.00007,0.99991
46.00000,3.02194,0.00000,0.00001,0.00006,0.99993
46.10000,3.02194,0.00000,0.00002,0.00008,0.99990
46.20000,3.02194,0.00001,0.00002,0.00005,0.99992
46.30000,3.02194,0.00000,0.00001,0.00006,0.99992
46.40000,3.02193,0.00001,0.00002,0.00008,0.99990
46.50000,3.02194,0.00000,0.00001,0.00005,0.99993
46.60000,3.02194,0.00001,0.00003,0.00014,0.99982
46.70000,3.02194,0.00001,0.00003,0.00011,0.99985
46.80000,3.02194,0.00000,0.00002,0.00009,0.99989
46.90000,3.02193,0.00001,0.00002,0.00002,0.99996
47.00000,3.02194,0.00000,0.00002,0.00005,0.99993
47.10000,3.02194,0.00000,0.00002,0.00008,0.99990
47.20000,3.02194,0.00001,0.00003,0.00001,0.99995
47.30000,3.02194,0.00000,0.00002,0.00001,0.99997
47.40000,3.02193,0.00000,0.00001,0.00002,0.99997
47.50000,3.02194,0.00000,0.00001,0.00002,0.99998
47.60000,3.02194,0.00001,0.00002,0.00008,0.99990
47.70000,3.02194,0.00002,0.00003,0.00029,0.99966
47.80000,3.02194,0.00005,0.00005,0.00033,0.99956
47.90000,3.02193,0.00003,0.00003,0.00030,0.99964
48.00000,3.02194,0.00001,0.00002,0.00008,0.99989
48.10000,3.02194,0.00001,0.00001,0.00010,0.99988
48.20000,3.02194,0.00000,0.00001,0.00005,0.99994
48.30000,3.02194,0.00001,0.00003,0.00015,0.99981
48.40000,3.02193,0.00002,0.00004,0.00036,0.99958
48.50000,3.02194,0.00001,0.00002,0.00008,0.99989
48.60000,3.02194,0.00001,0.00002,0.00012,0.99986
48.70000,3.02194,0.00001,0.00003,0.00017,0.99980
48.80000,3.02194,0.00002,0.00003,0.00014,0.99981
48.90000,3.02193,0.00001,0.00003,0.00004,0.99992
49.00000,3.02194,0.00000,0.00000,0.00000,0.99999
49.10000,3.02194,0.00000,0.00002,0.00003,0.99994
49.20000,3.02194,0.00000,0.00001,0.00002,0.99996
49.30000,3.02194,0.00000,0.00001,0.00004,0.99995
49.40000,3.02193,0.00002,0.00003,0.00033,0.99962
49.50000,3.02194,0.00001,0.00002,0.00014,0.99983
49.60000,3.02194,0.00000,0.00001,0.00003,0.99995
49.70000,3.02194,0.00000,0.00001,0.00003,0.99995
49.80000,3.02194,0.00001,0.00003,0.00009,0.99986
49.90000,3.02193,0.00001,0.00002,0.00004,0.99993
50.00000,3.02194,0.00000,0.00001,0.00006,0.99992
50.10000,3.02194,0.00001,0.00002,0.00014,0.99984
50.20000,3.02194,0.00001,0.00003,0.00023,0.99973
50.30000,3.02194,0.00001,0.00002,0.00026,0.99972
50.40000,3.02193,0.00001,0.00002,0.00011,0.99986
50.50000,3.02194,0.00001,0.00003,0.00025,0.99971
50.60000,3.02194,0.00001,0.00002,0.00017,0.99981
50.70000,3.02194,0.00003,0.00005,0.00022,0.99970
50.80000,3.02194,0.00001,0.00003,0.00006,0.99991
50.90000,3.02193,0.00001,0.00002,0.00012,0.99986
51.00000,3.02194,0.00001,0.00003,0.00013,0.99984
51.10000,3.02194,0.00000,0.00002,0.00011,0.99987
51.20000,3.02194,0.00001,0.00002,0.00011,0.99986
51.30000,3.02194,0.00001,0.00002,0.00014,0.99984
51.40000,3.02193,0.00000,0.00002,0.00007,0.99991
51.50000,3.02194,0.00001,0.00002,0.00008,0.99989
51.60000,3.02194,0.00001,0.00003,0.00007,0.99989
51.70000,3.02194,0.00000,0.00002,0.00000,0.99998
51.80000,3.02194,0.00000,0.00001,0.00002,0.99997
51.90000,3.02193,0.00000,0.00002,0.00005,0.99993
52.00000,3.02194,0.00000,0.00002,0.00005,0.99993
52.10000,3.02194,0.00000,0.00002,0.00001,0.99996
52.20000,3.02194,0.00000,0.00001,0.00002,0.99997
52.30000,3.02194,0.00001,0.00002,0.00014,0.99982
52.40000,3.02193,0.00001,0.00003,0.00011,0.99985
52.50000,3.02194,0.00001,0.00002,0.00001,0.99996
52.60000,3.02194,0.00000,0.00001,0.00001,0.99998
52.70000,3.02194,0.00000,0.00002,0.00002,0.99995
52.80000,3.02194,0.00000,0.00002,0.00004,0.99994
52.90000,3.02193,0.00000,0.00001,0.00000,0.99998
53.00000,3.02194,0.00000,0.00001,0.00001,0.99997
53.10000,3.02194,0.00001,0.00002,0.00001,0.99996
53.20000,3.02194,0.00000,0.00002,0.00001,0.99997
53.30000,3.02194,0.00000,0.00001,0.00002,0.99997
53.40000,3.02193,0.00000,0.00001,0.00001,0.99997
53.50000,3.02194,0.00000,0.00001,0.00002,0.99996
53.60000,3.02194,0.00001,0.00002,0.00011,0.99986
53.70000,3.02194,0.00000,0.00002,0.00008,0.99989
53.80000,3.02194,0.00001,0.00003,0.00008,0.99988
53.90000,3.02193,0.00002,0.00006,0.00009,0.99983
54.00000,3.02194,0.00000,0.00001,0.00001,0.99998
54.10000,3.02194,0.00000,0.00002,0.00001,0.99996
54.20000,3.02194,0.00000,0.00002,0.00001,0.99997
54.30000,3.02194,0.00000,0.00001,0.00002,0.99997
54.40000,3.02193,0.00000,0.00001,0.00002,0.99996
54.50000,3.02194,0.00000,0.00001,0.00001,0.99999
54.60000,3.02194,0.00000,0.00002,0.00002,0.99996
54.70000,3.02194,0.00001,0.00003,0.00003,0.99993
54.80000,3.02194,0.00000,0.00002,0.00006,0.99992
54.90000,3.02193,0.00001,0.00004,0.00002,0.99992
55.00000,3.02194,0.00000,0.00001,0.00001,0.99997
55.10000,3.02194,0.00000,0.00001,0.00001,0.99998
55.20000,3.02194,0.00000,0.00002,0.00002,0.99996
55.30000,3.02194,0.00001,0.00002,0.00003,0.99994
55.40000,3.02193,0.00000,0.00003,0.00001,0.99996
55.50000,3.02194,0.00000,0.00002,0.00001,0.99997
55.60000,3.02194,0.00000,0.00002,0.00002,0.99996
55.70000,3.02194,0.00001,0.00003,0.00004,0.99993
55.80000,3.02194,0.00000,0.00002,0.00005,0.99993
55.90000,3.02193,0.00001,0.00003,0.00009,0.99988
56.00000,3.02194,0.00000,0.00001,0.00002,0.99997
56.10000,3.02194,0.00000,0.00002,0.00005,0.99993
56.20000,3.02194,0.00000,0.00002,0.00006,0.99992
56.30000,3.02194,0.00000,0.00003,0.00006,0.99991
56.40000,3.02193,0.00001,0.00003,0.00010,0.99986
