Time (seconds), Duration (seconds),pred_unlabelled,pred_Chainsaw,pred_Standby,pred_Human
0.00000,3.02194,0.00001,0.00002,0.00010,0.99987
0.10000,3.02194,0.00000,0.00001,0.00000,0.99998
0.20000,3.02194,0.00002,0.00003,0.00022,0.99973
0.30000,3.02194,0.00004,0.00005,0.00023,0.99968
0.40000,3.02194,0.00003,0.00003,0.00014,0.99980
0.50000,3.02194,0.00003,0.00004,0.00023,0.99970
0.60000,3.02194,0.00000,0.00001,0.00002,0.99996
0.70000,3.02194,0.00000,0.00002,0.00001,0.99997
0.80000,3.02194,0.00001,0.00002,0.00001,0.99996
0.90000,3.02194,0.00000,0.00001,0.00002,0.99998
1.00000,3.02194,0.00001,0.00002,0.00001,0.99997
1.10000,3.02194,0.00001,0.00002,0.00008,0.99989
1.20000,3.02194,0.00000,0.00001,0.00002,0.99996
1.30000,3.02194,0.00001,0.00002,0.00009,0.99989
1.40000,3.02194,0.00001,0.00003,0.00003,0.99994
1.50000,3.02194,0.00001,0.00002,0.00012,0.99984
1.60000,3.02194,0.00001,0.00002,0.00005,0.99993
1.70000,3.02194,0.00001,0.00001,0.00004,0.99994
1.80000,3.02194,0.00001,0.00002,0.00014,0.99983
1.90000,3.02194,0.00000,0.00001,0.00001,0.99997
2.00000,3.02194,0.00000,0.00001,0.00001,0.99998
2.10000,3.02194,0.00000,0.00001,0.00004,0.99994
2.20000,3.02194,0.00000,0.00001,0.00006,0.99993
2.30000,3.02194,0.00001,0.00002,0.00010,0.99988
2.40000,3.02194,0.00002,0.00003,0.00029,0.99966
2.50000,3.02194,0.00000,0.00001,0.00006,0.99992
2.60000,3.02194,0.00001,0.00003,0.00027,0.99969
2.70000,3.02194,0.00001,0.00002,0.00011,0.99986
2.80000,3.02194,0.00001,0.00003,0.00021,0.99976
2.90000,3.02194,0.00001,0.00002,0.00014,0.99984
3.00000,3.02194,0.00003,0.00003,0.00051,0.99944
3.10000,3.02194,0.00002,0.00003,0.00041,0.99954
3.20000,3.02194,0.00002,0.00003,0.00042,0.99953
3.30000,3.02194,0.00005,0.00005,0.00092,0.99898
3.40000,3.02194,0.00001,0.00002,0.00020,0.99977
3.50000,3.02194,0.00007,0.00006,0.00116,0.99870
3.60000,3.02194,0.00001,0.00002,0.00027,0.99969
3.70000,3.02194,0.00001,0.00002,0.00016,0.99982
3.80000,3.02194,0.00002,0.00003,0.00033,0.99962
3.90000,3.02194,0.00003,0.00003,0.00044,0.99950
4.00000,3.02194,0.00005,0.00005,0.00077,0.99913
4.10000,3.02194,0.00001,0.00002,0.00010,0.99988
4.20000,3.02194,0.00002,0.00003,0.00036,0.99959
4.30000,3.02194,0.00003,0.00005,0.00048,0.99944
4.40000,3.02194,0.00000,0.00001,0.00010,0.99989
4.50000,3.02194,0.00001,0.00002,0.00011,0.99987
4.60000,3.02194,0.00001,0.00003,0.00023,0.99973
4.70000,3.02194,0.00002,0.00003,0.00027,0.99968
4.80000,3.02194,0.00001,0.00001,0.00014,0.99984
4.90000,3.02194,0.00001,0.00001,0.00012,0.99986
5.00000,3.02194,0.00001,0.00002,0.00005,0.99993
5.10000,3.02194,0.00000,0.00001,0.00001,0.99997
5.20000,3.02194,0.00000,0.00001,0.00001,0.99998
5.30000,3.02194,0.00000,0.00001,0.00002,0.99997
5.40000,3.02194,0.00000,0.00001,0.00003,0.99996
5.50000,3.02194,0.00001,0.00002,0.00002,0.99995
5.60000,3.02194,0.00000,0.00001,0.00002,0.99997
5.70000,3.02194,0.00000,0.00001,0.00004,0.99994
5.80000,3.02194,0.00000,0.00001,0.00001,0.99997
5.90000,3.02194,0.00000,0.00001,0.00001,0.99997
6.00000,3.02194,0.00000,0.00001,0.00001,0.99998
6.10000,3.02194,0.00000,0.00002,0.00008,0.99990
6.20000,3.02194,0.00000,0.00002,0.00009,0.99989
6.30000,3.02194,0.00001,0.00003,0.00018,0.99978
6.40000,3.02194,0.00002,0.00003,0.00015,0.99979
6.50000,3.02194,0.00001,0.00001,0.00009,0.99989
6.60000,3.02194,0.00000,0.00001,0.00003,0.99995
6.70000,3.02194,0.00000,0.00002,0.00002,0.99996
6.80000,3.02194,0.00000,0.00001,0.00002,0.99996
6.90000,3.02194,0.00000,0.00001,0.00001,0.99998
7.00000,3.02194,0.00000,0.00001,0.00002,0.99997
7.10000,3.02194,0.00001,0.00003,0.00012,0.99984
7.20000,3.02194,0.00001,0.00002,0.00011,0.99986
7.30000,3.02194,0.00002,0.00003,0.00038,0.99956
7.40000,3.02194,0.00001,0.00003,0.00032,0.99964
7.50000,3.02194,0.00001,0.00003,0.00002,0.99993
7.60000,3.02194,0.00000,0.00002,0.00001,0.99997
7.70000,3.02194,0.00000,0.00001,0.00001,0.99999
7.80000,3.02194,0.00000,0.00002,0.00002,0.99996
7.90000,3.02194,0.00001,0.00003,0.00002,0.99995
8.00000,3.02194,0.00000,0.00001,0.00000,0.99998
8.10000,3.02194,0.00001,0.00003,0.00004,0.99993
8.20000,3.02194,0.00001,0.00003,0.00001,0.99996
8.30000,3.02194,0.00001,0.00003,0.00005,0.99991
8.40000,3.02194,0.00000,0.00001,0.00003,0.99996
8.50000,3.02194,0.00000,0.00001,0.00002,0.99996
8.60000,3.02194,0.00004,0.00004,0.00036,0.99956
8.70000,3.02194,0.00001,0.00002,0.00013,0.99984
8.80000,3.02194,0.00001,0.00002,0.00003,0.99995
8.90000,3.02194,0.00001,0.00003,0.00001,0.99996
9.00000,3.02194,0.00000,0.00002,0.00001,0.99997
9.10000,3.02194,0.00000,0.00001,0.00001,0.99998
9.20000,3.02194,0.00000,0.00001,0.00001,0.99998
9.30000,3.02194,0.00000,0.00001,0.00001,0.99998
9.40000,3.02194,0.00000,0.00001,0.00001,0.99998
9.50000,3.02194,0.00000,0.00001,0.00001,0.99998
9.60000,3.02194,0.00000,0.00001,0.00001,0.99998
9.70000,3.02194,0.00000,0.00002,0.00001,0.99997
9.80000,3.02194,0.00000,0.00001,0.00001,0.99998
9.90000,3.02194,0.00000,0.00002,0.00001,0.99997
10.00000,3.02194,0.00000,0.00001,0.00000,0.99998
10.10000,3.02194,0.00000,0.00001,0.00002,0.99997
10.20000,3.02194,0.00000,0.00002,0.00001,0.99997
10.30000,3.02194,0.00000,0.00001,0.00001,0.99998
10.40000,3.02194,0.00001,0.00004,0.00005,0.99990
10.50000,3.02194,0.00002,0.00006,0.00015,0.99977
10.60000,3.02194,0.00001,0.00003,0.00009,0.99987
10.70000,3.02194,0.00001,0.00002,0.00014,0.99983
10.80000,3.02194,0.00001,0.00002,0.00012,0.99985
10.90000,3.02194,0.00001,0.00002,0.00015,0.99981
11.00000,3.02194,0.00001,0.00003,0.00006,0.99990
11.10000,3.02194,0.00005,0.00011,0.00011,0.99973
11.20000,3.02194,0.00000,0.00002,0.00001,0.99997
11.30000,3.02194,0.00000,0.00002,0.00001,0.99997
11.40000,3.02194,0.00001,0.00002,0.00010,0.99987
11.50000,3.02194,0.00002,0.00004,0.00032,0.99962
11.60000,3.02194,0.00002,0.00003,0.00037,0.99958
11.70000,3.02194,0.00002,0.00003,0.00020,0.99975
11.80000,3.02194,0.00000,0.00001,0.00001,0.99997
11.90000,3.02194,0.00000,0.00001,0.00004,0.99994
12.00000,3.02194,0.00000,0.00002,0.00006,0.99992
12.10000,3.02194,0.00001,0.00003,0.00011,0.99984
12.20000,3.02194,0.00000,0.00002,0.00008,0.99990
12.30000,3.02194,0.00001,0.00002,0.00018,0.99979
12.40000,3.02194,0.00001,0.00001,0.00006,0.99992
12.50000,3.02194,0.00003,0.00004,0.00057,0.99937
12.60000,3.02194,0.00001,0.00003,0.00019,0.99978
12.70000,3.02194,0.00002,0.00004,0.00033,0.99960
12.80000,3.02194,0.00001,0.00004,0.00019,0.99976
12.90000,3.02194,0.00001,0.00004,0.00012,0.99984
13.00000,3.02194,0.00001,0.00005,0.00015,0.99979
13.10000,3.02194,0.00001,0.00003,0.00018,0.99978
13.20000,3.02194,0.00001,0.00003,0.00014,0.99983
13.30000,3.02194,0.00002,0.00003,0.00043,0.99952
13.40000,3.02194,0.00001,0.00003,0.00030,0.99965
13.50000,3.02194,0.00002,0.00004,0.00044,0.99950
13.60000,3.02194,0.00002,0.00003,0.00012,0.99983
13.70000,3.02194,0.00000,0.00002,0.00007,0.99991
13.80000,3.02194,0.00001,0.00002,0.00012,0.99986
13.90000,3.02194,0.00001,0.00003,0.00023,0.99972
14.00000,3.02194,0.00001,0.00003,0.00013,0.99982
14.10000,3.02194,0.00000,0.00002,0.00008,0.99990
14.20000,3.02194,0.00001,0.00002,0.00014,0.99983
14.30000,3.02194,0.00001,0.00002,0.00015,0.99981
14.40000,3.02194,0.00001,0.00003,0.00015,0.99981
14.50000,3.02194,0.00001,0.00003,0.00003,0.99993
14.60000,3.02194,0.00000,0.00002,0.00005,0.99992
14.70000,3.02194,0.00000,0.00002,0.00001,0.99997
14.80000,3.02194,0.00000,0.00002,0.00002,0.99996
14.90000,3.02194,0.00001,0.00002,0.00007,0.99990
15.00000,3.02194,0.00000,0.00001,0.00003,0.99996
15.10000,3.02194,0.00000,0.00002,0.00002,0.99996
15.20000,3.02194,0.00000,0.00000,0.00001,0.99999
15.30000,3.02194,0.00000,0.00001,0.00003,0.99995
15.40000,3.02194,0.00000,0.00002,0.00001,0.99997
15.50000,3.02194,0.00000,0.00001,0.00002,0.99996
15.60000,3.02194,0.00000,0.00002,0.00001,0.99997
15.70000,3.02194,0.00000,0.00001,0.00001,0.99998
15.80000,3.02194,0.00000,0.00002,0.00002,0.99996
15.90000,3.02194,0.00000,0.00001,0.00005,0.99993
16.00000,3.02194,0.00002,0.00004,0.00025,0.99968
16.10000,3.02194,0.00000,0.00001,0.00004,0.99994
16.20000,3.02194,0.00000,0.00002,0.00008,0.99990
16.30000,3.02194,0.00001,0.00004,0.00009,0.99987
16.40000,3.02194,0.00001,0.00003,0.00000,0.99996
16.50000,3.02194,0.00000,0.00002,0.00002,0.99996
16.60000,3.02194,0.00000,0.00002,0.00001,0.99996
16.70000,3.02194,0.00001,0.00005,0.00001,0.99993
16.80000,3.02194,0.00000,0.00002,0.00002,0.99995
16.90000,3.02194,0.00000,0.00002,0.00001,0.99998
17.00000,3.02194,0.00001,0.00003,0.00001,0.99995
17.10000,3.02194,0.00001,0.00004,0.00001,0.99995
17.20000,3.02194,0.00001,0.00003,0.00001,0.99996
17.30000,3.02194,0.00001,0.00003,0.00001,0.99996
17.40000,3.02194,0.00001,0.00002,0.00007,0.99989
17.50000,3.02194,0.00001,0.00002,0.00006,0.99991
17.60000,3.02194,0.00001,0.00003,0.00008,0.99988
17.70000,3.02194,0.00001,0.00002,0.00012,0.99985
17.80000,3.02194,0.00001,0.00003,0.00005,0.99991
17.90000,3.02194,0.00002,0.00003,0.00019,0.99975
18.00000,3.02194,0.00002,0.00003,0.00016,0.99978
18.10000,3.02194,0.00003,0.00007,0.00005,0.99985
18.20000,3.02194,0.00001,0.00002,0.00005,0.99993
18.30000,3.02194,0.00000,0.00002,0.00002,0.99996
18.40000,3.02194,0.00001,0.00003,0.00008,0.99988
18.50000,3.02194,0.00000,0.00002,0.00006,0.99992
18.60000,3.02194,0.00001,0.00002,0.00010,0.99987
18.70000,3.02194,0.00001,0.00004,0.00019,0.99976
18.80000,3.02194,0.00006,0.00007,0.00082,0.99904
18.90000,3.02194,0.00001,0.00002,0.00010,0.99986
19.00000,3.02194,0.00001,0.00003,0.00001,0.99995
19.10000,3.02194,0.00000,0.00002,0.00000,0.99997
19.20000,3.02194,0.00000,0.00002,0.00002,0.99996
19.30000,3.02194,0.00000,0.00002,0.00002,0.99996
19.40000,3.02194,0.00000,0.00003,0.00000,0.99996
19.50000,3.02194,0.00000,0.00001,0.00000,0.99998
19.60000,3.02194,0.00001,0.00002,0.00005,0.99992
19.70000,3.02194,0.00000,0.00002,0.00004,0.99994
19.80000,3.02194,0.00000,0.00002,0.00007,0.99991
19.90000,3.02194,0.00001,0.00003,0.00010,0.99987
20.00000,3.02194,0.00001,0.00002,0.00006,0.99991
20.10000,3.02194,0.00002,0.00004,0.00026,0.99969
20.20000,3.02194,0.00001,0.00003,0.00013,0.99983
20.30000,3.02194,0.00001,0.00004,0.00017,0.99978
20.40000,3.02194,0.00001,0.00003,0.00014,0.99982
20.50000,3.02194,0.00001,0.00003,0.00019,0.99977
20.60000,3.02194,0.00002,0.00004,0.00049,0.99944
20.70000,3.02194,0.00004,0.00005,0.00080,0.99911
20.80000,3.02194,0.00002,0.00003,0.00047,0.99948
20.90000,3.02194,0.00004,0.00004,0.00080,0.99912
21.00000,3.02194,0.00002,0.00004,0.00033,0.99961
21.10000,3.02194,0.00001,0.00002,0.00009,0.99988
21.20000,3.02194,0.00001,0.00002,0.00014,0.99983
21.30000,3.02194,0.00009,0.00013,0.00022,0.99956
21.40000,3.02194,0.00005,0.00010,0.00023,0.99963
21.50000,3.02194,0.00001,0.00003,0.00003,0.99994
21.60000,3.02194,0.00000,0.00001,0.00003,0.99996
21.70000,3.02194,0.00000,0.00001,0.00001,0.99998
21.80000,3.02194,0.00000,0.00001,0.00002,0.99996
21.90000,3.02194,0.00000,0.00001,0.00001,0.99998
22.00000,3.02194,0.00000,0.00001,0.00001,0.99998
22.10000,3.02194,0.00000,0.00002,0.00003,0.99995
22.20000,3.02194,0.00000,0.00001,0.00002,0.99997
22.30000,3.02194,0.00000,0.00001,0.00005,0.99994
22.40000,3.02194,0.00000,0.00001,0.00002,0.99996
22.50000,3.02194,0.00000,0.00001,0.00004,0.99994
22.60000,3.02194,0.00000,0.00002,0.00005,0.99993
22.70000,3.02194,0.00001,0.00004,0.00016,0.99979
22.80000,3.02194,0.00001,0.00002,0.00003,0.99994
22.90000,3.02194,0.00000,0.00002,0.00001,0.99998
23.00000,3.02194,0.00000,0.00001,0.00001,0.99998
23.10000,3.02194,0.00001,0.00003,0.00001,0.99995
23.20000,3.02194,0.00002,0.00007,0.00005,0.99987
23.30000,3.02194,0.00002,0.00006,0.00003,0.99989
23.40000,3.02194,0.00010,0.00024,0.00012,0.99953
23.50000,3.02194,0.00001,0.00003,0.00003,0.99994
23.60000,3.02194,0.00016,0.00034,0.00021,0.99930
23.70000,3.02194,0.00001,0.00003,0.00002,0.99994
23.80000,3.02194,0.00003,0.00011,0.00004,0.99982
23.90000,3.02194,0.00003,0.00011,0.00003,0.99983
24.00000,3.02194,0.00001,0.00005,0.00002,0.99993
24.10000,3.02194,0.00002,0.00013,0.00002,0.99984
24.20000,3.02194,0.00000,0.00002,0.00001,0.99996
24.30000,3.02194,0.00001,0.00005,0.00001,0.99994
24.40000,3.02194,0.00001,0.00003,0.00001,0.99995
24.50000,3.02194,0.00000,0.00002,0.00001,0.99997
24.60000,3.02194,0.00000,0.00003,0.00001,0.99996
24.70000,3.02194,0.00000,0.00001,0.00000,0.99998
24.80000,3.02194,0.00000,0.00002,0.00000,0.99997
24.90000,3.02194,0.00000,0.00002,0.00001,0.99997
25.00000,3.02194,0.00000,0.00001,0.00001,0.99997
25.10000,3.02194,0.00000,0.00001,0.00001,0.99997
25.20000,3.02194,0.00000,0.00001,0.00002,0.99996
25.30000,3.02194,0.00001,0.00005,0.00001,0.99994
25.40000,3.02194,0.00001,0.00005,0.00000,0.99994
25.50000,3.02194,0.00000,0.00004,0.00000,0.99996
25.60000,3.02194,0.00000,0.00003,0.00001,0.99996
25.70000,3.02194,0.00000,0.00002,0.00001,0.99997
25.80000,3.02194,0.00000,0.00002,0.00002,0.99997
25.90000,3.02194,0.00001,0.00005,0.00001,0.99993
26.00000,3.02194,0.00001,0.00005,0.00002,0.99992
26.10000,3.02194,0.00000,0.00003,0.00001,0.99996
26.20000,3.02194,0.00000,0.00003,0.00001,0.99996
26.30000,3.02194,0.00001,0.00004,0.00002,0.99993
26.40000,3.02194,0.00001,0.00005,0.00001,0.99993
26.50000,3.02194,0.00001,0.00003,0.00004,0.99993
26.60000,3.02194,0.00001,0.00003,0.00006,0.99991
26.70000,3.02194,0.00002,0.00005,0.00022,0.99971
26.80000,3.02194,0.00003,0.00006,0.00047,0.99944
26.90000,3.02194,0.00003,0.00005,0.00059,0.99933
27.00000,3.02194,0.00001,0.00003,0.00021,0.99976
27.10000,3.02194,0.00001,0.00002,0.00020,0.99977
27.20000,3.02194,0.00001,0.00002,0.00011,0.99986
27.30000,3.02194,0.00001,0.00002,0.00017,0.99980
27.40000,3.02194,0.00000,0.00001,0.00008,0.99990
27.50000,3.02194,0.00001,0.00002,0.00012,0.99985
27.60000,3.02194,0.00001,0.00003,0.00016,0.99981
27.70000,3.02194,0.00001,0.00003,0.00029,0.99967
27.80000,3.02194,0.00002,0.00003,0.00030,0.99965
27.90000,3.02194,0.00020,0.00013,0.00064,0.99904
28.00000,3.02194,0.00081,0.00029,0.00094,0.99797
28.10000,3.02194,0.00026,0.00015,0.00064,0.99895
28.20000,3.02194,0.00007,0.00005,0.00013,0.99975
28.30000,3.02194,0.00027,0.00023,0.00015,0.99936
28.40000,3.02194,0.00002,0.00003,0.00004,0.99991
28.50000,3.02194,0.00001,0.00002,0.00009,0.99988
28.60000,3.02194,0.00002,0.00004,0.00028,0.99966
28.70000,3.02194,0.00003,0.00004,0.00009,0.99983
28.80000,3.02194,0.00001,0.00002,0.00000,0.99997
28.90000,3.02194,0.00001,0.00003,0.00001,0.99995
29.00000,3.02194,0.00000,0.00002,0.00001,0.99997
29.10000,3.02194,0.00001,0.00002,0.00001,0.99997
29.20000,3.02194,0.00000,0.00001,0.00001,0.99998
29.30000,3.02194,0.00000,0.00001,0.00001,0.99997
29.40000,3.02194,0.00000,0.00001,0.00001,0.99998
29.50000,3.02194,0.00001,0.00002,0.00006,0.99992
29.60000,3.02194,0.00000,0.00001,0.00002,0.99997
29.70000,3.02194,0.00001,0.00003,0.00007,0.99990
29.80000,3.02194,0.00001,0.00002,0.00010,0.99988
29.90000,3.02194,0.00001,0.00002,0.00001,0.99997
30.00000,3.02194,0.00000,0.00001,0.00001,0.99998
30.10000,3.02194,0.00000,0.00001,0.00001,0.99997
30.20000,3.02194,0.00000,0.00001,0.00004,0.99995
30.30000,3.02194,0.00000,0.00001,0.00001,0.99997
30.40000,3.02194,0.00000,0.00002,0.00002,0.99996
30.50000,3.02194,0.00001,0.00003,0.00001,0.99995
30.60000,3.02194,0.00001,0.00002,0.00006,0.99991
30.70000,3.02194,0.00001,0.00002,0.00006,0.99991
30.80000,3.02194,0.00000,0.00001,0.00001,0.99998
30.90000,3.02194,0.00000,0.00002,0.00001,0.99997
31.00000,3.02194,0.00000,0.00001,0.00001,0.99997
31.10000,3.02194,0.00000,0.00001,0.00001,0.99998
31.20000,3.02194,0.00001,0.00003,0.00008,0.99989
31.30000,3.02194,0.00001,0.00005,0.00002,0.99992
31.40000,3.02194,0.00001,0.00003,0.00007,0.99989
31.50000,3.02194,0.00001,0.00002,0.00007,0.99990
31.60000,3.02194,0.00001,0.00002,0.00001,0.99996
31.70000,3.02194,0.00000,0.00001,0.00001,0.99998
31.80000,3.02194,0.00000,0.00001,0.00002,0.99996
31.90000,3.02194,0.00000,0.00001,0.00001,0.99998
32.00000,3.02194,0.00000,0.00002,0.00001,0.99997
32.10000,3.02194,0.00000,0.00001,0.00001,0.99997
32.20000,3.02194,0.00000,0.00001,0.00001,0.99998
32.30000,3.02194,0.00000,0.00002,0.00000,0.99998
32.40000,3.02193,0.00001,0.00003,0.00001,0.99996
32.50000,3.02194,0.00000,0.00001,0.00001,0.99998
32.60000,3.02194,0.00000,0.00001,0.00001,0.99998
32.70000,3.02194,0.00000,0.00002,0.00003,0.99995
32.80000,3.02194,0.00001,0.00003,0.00001,0.99996
32.90000,3.02193,0.00000,0.00002,0.00001,0.99998
33.00000,3.02194,0.00000,0.00001,0.00001,0.99999
33.10000,3.02194,0.00000,0.00002,0.00001,0.99997
33.20000,3.02194,0.00000,0.00003,0.00001,0.99996
33.30000,3.02194,0.00000,0.00002,0.00001,0.99996
33.40000,3.02193,0.00000,0.00002,0.00004,0.99994
33.50000,3.02194,0.00000,0.00002,0.00001,0.99997
33.60000,3.02194,0.00000,0.00002,0.00004,0.99994
33.70000,3.02194,0.00000,0.00002,0.00006,0.99992
33.80000,3.02194,0.00000,0.00001,0.00000,0.99998
33.90000,3.02193,0.00000,0.00002,0.00003,0.99995
34.00000,3.02194,0.00001,0.00004,0.00011,0.99984
34.10000,3.02194,0.00000,0.00002,0.00006,0.99991
34.20000,3.02194,0.00001,0.00003,0.00004,0.99992
34.30000,3.02194,0.00001,0.00002,0.00009,0.99988
34.40000,3.02193,0.00001,0.00002,0.00017,0.99980
34.50000,3.02194,0.00002,0.00004,0.00020,0.99974
34.60000,3.02194,0.00001,0.00003,0.00002,0.99994
34.70000,3.02194,0.00000,0.00002,0.00004,0.99994
34.80000,3.02194,0.00000,0.00001,0.00003,0.99996
34.90000,3.02193,0.00001,0.00003,0.00007,0.99988
35.00000,3.02194,0.00004,0.00005,0.00024,0.99967
35.10000,3.02194,0.00001,0.00003,0.00025,0.99972
35.20000,3.02194,0.00002,0.00003,0.00006,0.99989
35.30000,3.02194,0.00001,0.00003,0.00007,0.99989
35.40000,3.02193,0.00000,0.00001,0.00002,0.99997
35.50000,3.02194,0.00000,0.00001,0.00001,0.99998
35.60000,3.02194,0.00001,0.00003,0.00011,0.99985
35.70000,3.02194,0.00001,0.00002,0.00004,0.99993
35.80000,3.02194,0.00000,0.00002,0.00005,0.99993
35.90000,3.02193,0.00000,0.00001,0.00004,0.99995
36.00000,3.02194,0.00002,0.00003,0.00026,0.99969
36.10000,3.02194,0.00001,0.00003,0.00004,0.99993
36.20000,3.02194,0.00000,0.00001,0.00001,0.99997
36.30000,3.02194,0.00001,0.00002,0.00006,0.99991
36.40000,3.02193,0.00001,0.00002,0.00010,0.99987
36.50000,3.02194,0.00000,0.00001,0.00010,0.99988
36.60000,3.02194,0.00001,0.00003,0.00003,0.99992
36.70000,3.02194,0.00000,0.00001,0.00001,0.99998
36.80000,3.02194,0.00001,0.00002,0.00003,0.99994
36.90000,3.02193,0.00000,0.00002,0.00000,0.99998
37.00000,3.02194,0.00000,0.00001,0.00002,0.99997
37.10000,3.02194,0.00000,0.00001,0.00001,0.99998
37.20000,3.02194,0.00000,0.00002,0.00004,0.99995
37.30000,3.02194,0.00000,0.00001,0.00002,0.99997
37.40000,3.02193,0.00002,0.00004,0.00023,0.99972
37.50000,3.02194,0.00001,0.00002,0.00008,0.99990
37.60000,3.02194,0.00001,0.00003,0.00001,0.99995
37.70000,3.02194,0.00000,0.00001,0.00002,0.99996
37.80000,3.02194,0.00000,0.00002,0.00001,0.99997
37.90000,3.02193,0.00000,0.00002,0.00001,0.99997
38.00000,3.02194,0.00000,0.00001,0.00001,0.99999
38.10000,3.02194,0.00000,0.00001,0.00003,0.99996
38.20000,3.02194,0.00001,0.00004,0.00001,0.99994
38.30000,3.02194,0.00001,0.00004,0.00001,0.99995
38.40000,3.02193,0.00000,0.00002,0.00001,0.99998
38.50000,3.02194,0.00000,0.00001,0.00001,0.99999
38.60000,3.02194,0.00001,0.00003,0.00001,0.99995
38.70000,3.02194,0.00000,0.00001,0.00001,0.99998
38.80000,3.02194,0.00000,0.00001,0.00001,0.99998
38.90000,3.02193,0.00000,0.00001,0.00001,0.99997
39.00000,3.02194,0.00001,0.00004,0.00000,0.99995
39.10000,3.02194,0.00001,0.00004,0.00001,0.99994
39.20000,3.02194,0.00000,0.00002,0.00000,0.99997
39.30000,3.02194,0.00001,0.00004,0.00003,0.99992
39.40000,3.02193,0.00001,0.00004,0.00001,0.99994
39.50000,3.02194,0.00000,0.00002,0.00001,0.99997
39.60000,3.02194,0.00000,0.00001,0.00001,0.99998
39.70000,3.02194,0.00001,0.00005,0.00003,0.99992
39.80000,3.02194,0.00000,0.00002,0.00001,0.99997
39.90000,3.02193,0.00000,0.00002,0.00003,0.99994
40.00000,3.02194,0.00001,0.00003,0.00009,0.99987
40.10000,3.02194,0.00001,0.00003,0.00002,0.99995
40.20000,3.02194,0.00000,0.00003,0.00007,0.99990
40.30000,3.02194,0.00001,0.00003,0.00018,0.99978
40.40000,3.02193,0.00001,0.00003,0.00013,0.99982
40.50000,3.02194,0.00002,0.00004,0.00041,0.99953
40.60000,3.02194,0.00001,0.00002,0.00009,0.99989
40.70000,3.02194,0.00001,0.00002,0.00012,0.99985
40.80000,3.02194,0.00001,0.00002,0.00003,0.99994
40.90000,3.02193,0.00001,0.00003,0.00003,0.99993
41.00000,3.02194,0.00000,0.00001,0.00002,0.99997
41.10000,3.02194,0.00000,0.00001,0.00001,0.99998
41.20000,3.02194,0.00000,0.00001,0.00001,0.99997
41.30000,3.02194,0.00000,0.00002,0.00000,0.99997
41.40000,3.02193,0.00000,0.00002,0.00002,0.99995
41.50000,3.02194,0.00001,0.00003,0.00001,0.99995
41.60000,3.02194,0.00000,0.00001,0.00002,0.99997
41.70000,3.02194,0.00000,0.00001,0.00002,0.99997
41.80000,3.02194,0.00000,0.00002,0.00007,0.99990
41.90000,3.02193,0.00001,0.00002,0.00013,0.99984
42.00000,3.02194,0.00002,0.00003,0.00019,0.99975
42.10000,3.02194,0.00000,0.00002,0.00001,0.99997
42.20000,3.02194,0.00000,0.00001,0.00000,0.99998
42.30000,3.02194,0.00000,0.00001,0.00001,0.99999
42.40000,3.02193,0.00000,0.00003,0.00001,0.99996
42.50000,3.02194,0.00001,0.00005,0.00001,0.99992
42.60000,3.02194,0.00000,0.00001,0.00002,0.99997
42.70000,3.02194,0.00000,0.00001,0.00003,0.99996
42.80000,3.02194,0.00000,0.00001,0.00001,0.99998
42.90000,3.02193,0.00000,0.00001,0.00001,0.99997
43.00000,3.02194,0.00000,0.00001,0.00001,0.99997
43.10000,3.02194,0.00001,0.00002,0.00008,0.99989
43.20000,3.02194,0.00000,0.00001,0.00004,0.99994
43.30000,3.02194,0.00000,0.00002,0.00000,0.99997
43.40000,3.02193,0.00000,0.00002,0.00001,0.99997
43.50000,3.02194,0.00000,0.00002,0.00002,0.99996
43.60000,3.02194,0.00000,0.00002,0.00001,0.99997
43.70000,3.02194,0.00001,0.00004,0.00001,0.99994
43.80000,3.02194,0.00002,0.00006,0.00002,0.99990
43.90000,3.02193,0.00005,0.00015,0.00003,0.99978
44.00000,3.02194,0.00003,0.00009,0.00002,0.99986
44.10000,3.02194,0.00002,0.00007,0.00004,0.99987
44.20000,3.02194,0.00001,0.00003,0.00002,0.99995
44.30000,3.02194,0.00000,0.00001,0.00002,0.99997
44.40000,3.02193,0.00000,0.00002,0.00003,0.99994
44.50000,3.02194,0.00001,0.00003,0.00002,0.99995
44.60000,3.02194,0.00001,0.00002,0.00002,0.99995
44.70000,3.02194,0.00000,0.00001,0.00002,0.99997
44.80000,3.02194,0.00000,0.00002,0.00004,0.99994
44.90000,3.02193,0.00000,0.00002,0.00003,0.99995
45.00000,3.02194,0.00001,0.00003,0.00005,0.99991
45.10000,3.02194,0.00001,0.00003,0.00006,0.99990
45.20000,3.02194,0.00001,0.00004,0.00008,0.99988
45.30000,3.02194,0.00001,0.00002,0.00006,0.99991
45.40000,3.02193,0.00002,0.00004,0.00029,0.99965
45.50000,3.02194,0.00002,0.00004,0.00028,0.99967
45.60000,3.02194,0.00002,0.00004,0.00024,0.99970
45.70000,3.02194,0.00002,0.00005,0.00025,0.99968
45.80000,3.02194,0.00002,0.00004,0.00012,0.99982
45.90000,3.02193,0.00006,0.00013,0.00015,0.99966
46.00000,3.02194,0.00001,0.00004,0.00004,0.99991
46.10000,3.02194,0.00000,0.00002,0.00003,0.99995
46.20000,3.02194,0.00000,0.00003,0.00005,0.99991
46.30000,3.02194,0.00000,0.00002,0.00002,0.99995
46.40000,3.02193,0.00001,0.00003,0.00008,0.99988
46.50000,3.02194,0.00002,0.00006,0.00007,0.99984
46.60000,3.02194,0.00000,0.00002,0.00005,0.99993
46.70000,3.02194,0.00002,0.00005,0.00027,0.99966
46.80000,3.02194,0.00001,0.00003,0.00013,0.99984
46.90000,3.02193,0.00006,0.00008,0.00078,0.99908
47.00000,3.02194,0.00001,0.00002,0.00010,0.99987
47.10000,3.02194,0.00001,0.00002,0.00015,0.99982
47.20000,3.02194,0.00001,0.00002,0.00003,0.99994
47.30000,3.02194,0.00000,0.00002,0.00002,0.99996
47.40000,3.02193,0.00001,0.00003,0.00001,0.99996
47.50000,3.02194,0.00000,0.00002,0.00000,0.99998
47.60000,3.02194,0.00000,0.00001,0.00001,0.99998
47.70000,3.02194,0.00000,0.00001,0.00001,0.99998
47.80000,3.02194,0.00000,0.00001,0.00001,0.99998
47.90000,3.02193,0.00000,0.00001,0.00001,0.99997
48.00000,3.02194,0.00001,0.00002,0.00006,0.99992
48.10000,3.02194,0.00000,0.00001,0.00001,0.99998
48.20000,3.02194,0.00000,0.00002,0.00003,0.99995
48.30000,3.02194,0.00000,0.00001,0.00002,0.99997
48.40000,3.02193,0.00000,0.00001,0.00001,0.99997
48.50000,3.02194,0.00000,0.00001,0.00001,0.99998
48.60000,3.02194,0.00000,0.00002,0.00000,0.99998
48.70000,3.02194,0.00000,0.00001,0.00001,0.99998
48.80000,3.02194,0.00000,0.00001,0.00002,0.99997
48.90000,3.02193,0.00002,0.00006,0.00002,0.99990
49.00000,3.02194,0.00002,0.00004,0.00006,0.99989
49.10000,3.02194,0.00000,0.00001,0.00001,0.99998
49.20000,3.02194,0.00000,0.00002,0.00001,0.99996
49.30000,3.02194,0.00001,0.00003,0.00003,0.99993
49.40000,3.02193,0.00000,0.00001,0.00001,0.99998
49.50000,3.02194,0.00001,0.00003,0.00001,0.99996
49.60000,3.02194,0.00001,0.00004,0.00002,0.99993
49.70000,3.02194,0.00000,0.00001,0.00001,0.99998
49.80000,3.02194,0.00000,0.00001,0.00001,0.99999
49.90000,3.02193,0.00000,0.00002,0.00002,0.99996
50.00000,3.02194,0.00001,0.00004,0.00007,0.99988
50.10000,3.02194,0.00001,0.00004,0.00006,0.99990
50.20000,3.02194,0.00000,0.00003,0.00001,0.99996
50.30000,3.02194,0.00000,0.00003,0.00001,0.99996
50.40000,3.02193,0.00000,0.00001,0.00001,0.99997
50.50000,3.02194,0.00000,0.00002,0.00001,0.99997
50.60000,3.02194,0.00001,0.00003,0.00001,0.99994
50.70000,3.02194,0.00000,0.00002,0.00000,0.99997
50.80000,3.02194,0.00001,0.00006,0.00001,0.99992
50.90000,3.02193,0.00001,0.00007,0.00002,0.99990
51.00000,3.02194,0.00000,0.00003,0.00000,0.99997
51.10000,3.02194,0.00000,0.00003,0.00000,0.99996
51.20000,3.02194,0.00001,0.00005,0.00002,0.99993
51.30000,3.02194,0.00001,0.00004,0.00001,0.99995
51.40000,3.02193,0.00001,0.00004,0.00002,0.99993
51.50000,3.02194,0.00001,0.00007,0.00001,0.99990
51.60000,3.02194,0.00001,0.00007,0.00003,0.99989
51.70000,3.02194,0.00001,0.00008,0.00002,0.99989
51.80000,3.02194,0.00000,0.00002,0.00001,0.99997
51.90000,3.02193,0.00001,0.00004,0.00001,0.99994
52.00000,3.02194,0.00000,0.00002,0.00001,0.99997
52.10000,3.02194,0.00001,0.00005,0.00002,0.99992
52.20000,3.02194,0.00000,0.00002,0.00002,0.99996
52.30000,3.02194,0.00001,0.00003,0.00001,0.99995
52.40000,3.02193,0.00000,0.00001,0.00001,0.99998
52.50000,3.02194,0.00000,0.00002,0.00002,0.99996
52.60000,3.02194,0.00000,0.00003,0.00002,0.99994
52.70000,3.02194,0.00003,0.00006,0.00011,0.99980
52.80000,3.02194,0.00001,0.00003,0.00007,0.99989
52.90000,3.02193,0.00001,0.00005,0.00001,0.99993
53.00000,3.02194,0.00000,0.00001,0.00001,0.99999
53.10000,3.02194,0.00000,0.00002,0.00001,0.99997
53.20000,3.02194,0.00000,0.00003,0.00002,0.99995
53.30000,3.02194,0.00001,0.00006,0.00004,0.99989
53.40000,3.02193,0.00001,0.00007,0.00002,0.99990
53.50000,3.02194,0.00001,0.00003,0.00001,0.99995
53.60000,3.02194,0.00000,0.00002,0.00002,0.99995
53.70000,3.02194,0.00000,0.00001,0.00001,0.99998
53.80000,3.02194,0.00000,0.00001,0.00001,0.99998
53.90000,3.02193,0.00001,0.00004,0.00001,0.99995
54.00000,3.02194,0.00000,0.00002,0.00003,0.99995
54.10000,3.02194,0.00001,0.00003,0.00002,0.99995
54.20000,3.02194,0.00000,0.00001,0.00001,0.99998
54.30000,3.02194,0.00001,0.00003,0.00008,0.99988
54.40000,3.02193,0.00000,0.00002,0.00003,0.99995
54.50000,3.02194,0.00000,0.00003,0.00000,0.99996
54.60000,3.02194,0.00000,0.00002,0.00000,0.99998
54.70000,3.02194,0.00000,0.00002,0.00000,0.99997
54.80000,3.02194,0.00000,0.00001,0.00002,0.99996
54.90000,3.02193,0.00000,0.00001,0.00001,0.99998
55.00000,3.02194,0.00000,0.00002,0.00000,0.99998
55.10000,3.02194,0.00000,0.00001,0.00001,0.99998
55.20000,3.02194,0.00000,0.00002,0.00002,0.99996
55.30000,3.02194,0.00000,0.00002,0.00001,0.99997
55.40000,3.02193,0.00000,0.00002,0.00000,0.99997
55.50000,3.02194,0.00000,0.00001,0.00001,0.99998
55.60000,3.02194,0.00000,0.00003,0.00000,0.99996
55.70000,3.02194,0.00000,0.00001,0.00001,0.99998
55.80000,3.02194,0.00000,0.00003,0.00000,0.99997
55.90000,3.02193,0.00000,0.00001,0.00001,0.99998
56.00000,3.02194,0.00000,0.00001,0.00001,0.99997
56.10000,3.02194,0.00000,0.00004,0.00000,0.99996
56.20000,3.02194,0.00001,0.00004,0.00001,0.99994
56.30000,3.02194,0.00001,0.00004,0.00000,0.99995
56.40000,3.02193,0.00000,0.00001,0.00001,0.99998
