Time (seconds), Duration (seconds),pred_unlabelled,pred_Chainsaw,pred_Standby,pred_Human
0.00000,3.02194,0.04559,0.00008,0.95422,0.00010
0.10000,3.02194,0.04109,0.00007,0.95876,0.00009
0.20000,3.02194,0.02488,0.00006,0.97498,0.00008
0.30000,3.02194,0.01285,0.00004,0.98704,0.00007
0.40000,3.02194,0.00625,0.00002,0.99369,0.00004
0.50000,3.02194,0.00603,0.00002,0.99392,0.00003
0.60000,3.02194,0.00988,0.00002,0.99006,0.00004
0.70000,3.02194,0.01257,0.00002,0.98737,0.00004
0.80000,3.02194,0.01615,0.00002,0.98378,0.00004
0.90000,3.02194,0.00956,0.00002,0.99038,0.00004
1.00000,3.02194,0.01123,0.00002,0.98871,0.00004
1.10000,3.02194,0.00814,0.00002,0.99179,0.00004
1.20000,3.02194,0.01043,0.00003,0.98950,0.00004
1.30000,3.02194,0.00803,0.00002,0.99192,0.00003
1.40000,3.02194,0.00771,0.00002,0.99223,0.00004
1.50000,3.02194,0.00607,0.00002,0.99387,0.00004
1.60000,3.02194,0.00440,0.00002,0.99554,0.00004
1.70000,3.02194,0.00291,0.00001,0.99704,0.00004
1.80000,3.02194,0.00225,0.00001,0.99770,0.00004
1.90000,3.02194,0.00151,0.00001,0.99845,0.00003
2.00000,3.02194,0.00127,0.00001,0.99870,0.00003
2.10000,3.02194,0.00131,0.00001,0.99865,0.00003
2.20000,3.02194,0.00218,0.00001,0.99778,0.00003
2.30000,3.02194,0.00108,0.00001,0.99887,0.00004
2.40000,3.02194,0.00119,0.00001,0.99878,0.00003
2.50000,3.02194,0.00188,0.00001,0.99809,0.00002
2.60000,3.02194,0.00178,0.00001,0.99817,0.00004
2.70000,3.02194,0.00351,0.00001,0.99645,0.00003
2.80000,3.02194,0.00508,0.00001,0.99487,0.00003
2.90000,3.02194,0.00568,0.00001,0.99428,0.00003
3.00000,3.02194,0.00463,0.00001,0.99532,0.00003
3.10000,3.02194,0.00449,0.00001,0.99547,0.00003
3.20000,3.02194,0.00601,0.00001,0.99395,0.00003
3.30000,3.02194,0.00640,0.00001,0.99356,0.00003
3.40000,3.02194,0.00728,0.00001,0.99268,0.00003
3.50000,3.02194,0.00770,0.00001,0.99226,0.00003
3.60000,3.02194,0.00875,0.00001,0.99120,0.00003
3.70000,3.02194,0.00969,0.00001,0.99027,0.00003
3.80000,3.02194,0.01344,0.00001,0.98652,0.00003
3.90000,3.02194,0.02009,0.00002,0.97986,0.00004
4.00000,3.02194,0.01583,0.00002,0.98412,0.00003
4.10000,3.02194,0.01546,0.00002,0.98448,0.00004
4.20000,3.02194,0.01352,0.00002,0.98642,0.00003
4.30000,3.02194,0.01496,0.00002,0.98499,0.00003
4.40000,3.02194,0.01090,0.00002,0.98906,0.00003
4.50000,3.02194,0.01490,0.00001,0.98506,0.00003
4.60000,3.02194,0.02473,0.00002,0.97522,0.00003
4.70000,3.02194,0.02191,0.00002,0.97803,0.00004
4.80000,3.02194,0.03739,0.00002,0.96255,0.00004
4.90000,3.02194,0.04226,0.00003,0.95766,0.00005
5.00000,3.02194,0.03385,0.00004,0.96605,0.00006
5.10000,3.02194,0.02668,0.00004,0.97322,0.00006
5.20000,3.02194,0.02100,0.00003,0.97890,0.00006
5.30000,3.02194,0.02272,0.00003,0.97720,0.00005
5.40000,3.02194,0.03373,0.00004,0.96616,0.00007
5.50000,3.02194,0.03138,0.00004,0.96850,0.00007
5.60000,3.02194,0.01974,0.00004,0.98016,0.00007
5.70000,3.02194,0.01882,0.00003,0.98108,0.00006
5.80000,3.02194,0.01194,0.00003,0.98798,0.00005
5.90000,3.02194,0.01179,0.00002,0.98814,0.00005
6.00000,3.02194,0.01381,0.00003,0.98611,0.00006
6.10000,3.02194,0.02149,0.00003,0.97844,0.00004
6.20000,3.02194,0.01952,0.00003,0.98038,0.00007
6.30000,3.02194,0.02098,0.00003,0.97893,0.00006
6.40000,3.02194,0.02318,0.00004,0.97672,0.00006
6.50000,3.02194,0.02752,0.00004,0.97237,0.00007
6.60000,3.02194,0.01446,0.00003,0.98544,0.00006
6.70000,3.02194,0.01413,0.00003,0.98578,0.00006
6.80000,3.02194,0.01057,0.00003,0.98935,0.00006
6.90000,3.02194,0.00513,0.00002,0.99479,0.00006
7.00000,3.02194,0.00313,0.00002,0.99681,0.00005
7.10000,3.02194,0.00505,0.00001,0.99489,0.00004
7.20000,3.02194,0.00213,0.00001,0.99776,0.00009
7.30000,3.02194,0.00037,0.00001,0.99956,0.00007
7.40000,3.02194,0.00047,0.00000,0.99946,0.00006
7.50000,3.02194,0.00059,0.00000,0.99934,0.00006
7.60000,3.02194,0.00056,0.00000,0.99935,0.00009
7.70000,3.02194,0.00764,0.00000,0.99219,0.00017
7.80000,3.02194,0.00130,0.00000,0.99839,0.00031
7.90000,3.02194,0.00398,0.00000,0.99581,0.00021
8.00000,3.02194,0.00503,0.00000,0.99462,0.00035
8.10000,3.02194,0.01774,0.00000,0.98097,0.00129
8.20000,3.02194,0.09616,0.00001,0.87957,0.02426
8.30000,3.02194,0.07249,0.00001,0.89535,0.03215
8.40000,3.02194,0.05074,0.00002,0.90118,0.04807
8.50000,3.02194,0.10683,0.00001,0.86016,0.03300
8.60000,3.02194,0.14099,0.00001,0.82589,0.03311
8.70000,3.02194,0.12037,0.00002,0.84494,0.03467
8.80000,3.02194,0.08841,0.00002,0.83726,0.07431
8.90000,3.02194,0.10610,0.00002,0.83327,0.06061
9.00000,3.02194,0.10617,0.00002,0.82827,0.06554
9.10000,3.02194,0.05510,0.00003,0.83447,0.11040
9.20000,3.02194,0.06451,0.00003,0.81563,0.11983
9.30000,3.02194,0.03717,0.00004,0.79849,0.16431
9.40000,3.02194,0.02955,0.00007,0.68921,0.28117
9.50000,3.02194,0.05489,0.00006,0.78315,0.16190
9.60000,3.02194,0.03917,0.00010,0.69508,0.26565
9.70000,3.02194,0.04878,0.00013,0.68404,0.26705
9.80000,3.02194,0.05086,0.00013,0.69588,0.25313
9.90000,3.02194,0.05640,0.00015,0.67789,0.26556
10.00000,3.02194,0.17675,0.00009,0.71737,0.10579
10.10000,3.02194,0.03402,0.00011,0.64600,0.31987
10.20000,3.02194,0.03716,0.00016,0.58205,0.38063
10.30000,3.02194,0.03202,0.00021,0.47674,0.49103
10.40000,3.02194,0.06740,0.00027,0.52273,0.40960
10.50000,3.02194,0.03374,0.00031,0.40061,0.56534
10.60000,3.02194,0.04669,0.00052,0.30527,0.64751
10.70000,3.02194,0.03815,0.00028,0.49814,0.46343
10.80000,3.02194,0.03534,0.00041,0.38891,0.57533
10.90000,3.02194,0.03037,0.00069,0.19517,0.77376
11.00000,3.02194,0.01931,0.00114,0.05718,0.92236
11.10000,3.02194,0.02589,0.00081,0.18804,0.78527
11.20000,3.02194,0.04144,0.00026,0.77269,0.18561
11.30000,3.02194,0.06055,0.00014,0.87604,0.06327
11.40000,3.02194,0.04450,0.00081,0.39519,0.55949
11.50000,3.02194,0.04491,0.00035,0.79372,0.16102
11.60000,3.02194,0.02815,0.00022,0.91308,0.05855
11.70000,3.02194,0.04628,0.00071,0.74639,0.20662
11.80000,3.02194,0.00519,0.00010,0.98533,0.00937
11.90000,3.02194,0.00506,0.00014,0.98469,0.01011
12.00000,3.02194,0.00071,0.00003,0.99837,0.00089
12.10000,3.02194,0.00043,0.00002,0.99897,0.00057
12.20000,3.02194,0.00054,0.00004,0.99863,0.00079
12.30000,3.02194,0.00011,0.00001,0.99969,0.00019
12.40000,3.02194,0.00010,0.00001,0.99971,0.00018
12.50000,3.02194,0.00008,0.00003,0.99948,0.00042
12.60000,3.02194,0.00005,0.00003,0.99945,0.00047
12.70000,3.02194,0.00002,0.00003,0.99957,0.00038
12.80000,3.02194,0.00002,0.00001,0.99970,0.00026
12.90000,3.02194,0.00002,0.00002,0.99961,0.00035
13.00000,3.02194,0.00001,0.00001,0.99986,0.00012
13.10000,3.02194,0.00001,0.00001,0.99986,0.00012
13.20000,3.02194,0.00001,0.00001,0.99988,0.00010
13.30000,3.02194,0.00002,0.00001,0.99988,0.00009
13.40000,3.02194,0.00002,0.00002,0.99971,0.00025
13.50000,3.02194,0.00002,0.00004,0.99961,0.00033
13.60000,3.02194,0.00001,0.00004,0.99967,0.00028
13.70000,3.02194,0.00001,0.00003,0.99971,0.00026
13.80000,3.02194,0.00001,0.00002,0.99982,0.00016
13.90000,3.02194,0.00000,0.00001,0.99983,0.00015
14.00000,3.02194,0.00000,0.00001,0.99986,0.00012
14.10000,3.02194,0.00000,0.00001,0.99986,0.00013
14.20000,3.02194,0.00000,0.00001,0.99988,0.00011
14.30000,3.02194,0.00000,0.00000,0.99992,0.00007
14.40000,3.02194,0.00000,0.00000,0.99994,0.00005
14.50000,3.02194,0.00000,0.00000,0.99995,0.00004
14.60000,3.02194,0.00000,0.00000,0.99996,0.00003
14.70000,3.02194,0.00001,0.00000,0.99991,0.00008
14.80000,3.02194,0.00001,0.00001,0.99990,0.00009
14.90000,3.02194,0.00000,0.00001,0.99989,0.00009
15.00000,3.02194,0.00000,0.00001,0.99990,0.00009
15.10000,3.02194,0.00000,0.00001,0.99991,0.00008
15.20000,3.02194,0.00000,0.00000,0.99994,0.00005
15.30000,3.02194,0.00000,0.00000,0.99995,0.00004
15.40000,3.02194,0.00000,0.00000,0.99996,0.00003
15.50000,3.02194,0.00001,0.00000,0.99996,0.00003
15.60000,3.02194,0.00001,0.00000,0.99996,0.00003
15.70000,3.02194,0.00001,0.00000,0.99996,0.00004
15.80000,3.02194,0.00001,0.00000,0.99995,0.00004
15.90000,3.02194,0.00001,0.00000,0.99994,0.00005
16.00000,3.02194,0.00001,0.00000,0.99993,0.00006
16.10000,3.02194,0.00001,0.00000,0.99994,0.00006
16.20000,3.02194,0.00001,0.00000,0.99993,0.00006
16.30000,3.02194,0.00001,0.00000,0.99993,0.00005
16.40000,3.02194,0.00001,0.00000,0.99992,0.00007
16.50000,3.02194,0.00001,0.00000,0.99992,0.00007
16.60000,3.02194,0.00001,0.00000,0.99994,0.00005
16.70000,3.02194,0.00001,0.00000,0.99993,0.00006
16.80000,3.02194,0.00001,0.00000,0.99994,0.00005
16.90000,3.02194,0.00001,0.00001,0.99989,0.00010
17.00000,3.02194,0.00001,0.00001,0.99988,0.00011
17.10000,3.02194,0.00001,0.00000,0.99991,0.00008
17.20000,3.02194,0.00001,0.00000,0.99992,0.00007
17.30000,3.02194,0.00001,0.00000,0.99991,0.00008
17.40000,3.02194,0.00001,0.00000,0.99992,0.00007
17.50000,3.02194,0.00001,0.00000,0.99992,0.00007
17.60000,3.02194,0.00001,0.00000,0.99994,0.00005
17.70000,3.02194,0.00001,0.00001,0.99989,0.00010
17.80000,3.02194,0.00001,0.00000,0.99992,0.00007
17.90000,3.02194,0.00001,0.00001,0.99990,0.00009
18.00000,3.02194,0.00001,0.00001,0.99988,0.00011
18.10000,3.02194,0.00001,0.00001,0.99988,0.00011
18.20000,3.02194,0.00001,0.00001,0.99990,0.00009
18.30000,3.02194,0.00001,0.00001,0.99990,0.00008
18.40000,3.02194,0.00001,0.00001,0.99989,0.00010
18.50000,3.02194,0.00001,0.00001,0.99992,0.00007
18.60000,3.02194,0.00001,0.00000,0.99994,0.00005
18.70000,3.02194,0.00001,0.00000,0.99995,0.00003
18.80000,3.02194,0.00001,0.00000,0.99994,0.00005
18.90000,3.02194,0.00001,0.00000,0.99994,0.00005
19.00000,3.02194,0.00001,0.00000,0.99995,0.00004
19.10000,3.02194,0.00001,0.00000,0.99995,0.00004
19.20000,3.02194,0.00001,0.00000,0.99994,0.00005
19.30000,3.02194,0.00001,0.00000,0.99996,0.00003
19.40000,3.02194,0.00001,0.00000,0.99995,0.00003
19.50000,3.02194,0.00001,0.00000,0.99995,0.00004
19.60000,3.02194,0.00002,0.00000,0.99994,0.00003
19.70000,3.02194,0.00003,0.00000,0.99994,0.00003
19.80000,3.02194,0.00002,0.00000,0.99995,0.00003
19.90000,3.02194,0.00001,0.00000,0.99996,0.00003
20.00000,3.02194,0.00001,0.00000,0.99995,0.00004
20.10000,3.02194,0.00001,0.00000,0.99994,0.00005
20.20000,3.02194,0.00001,0.00001,0.99993,0.00005
20.30000,3.02194,0.00001,0.00000,0.99995,0.00004
20.40000,3.02194,0.00001,0.00001,0.99994,0.00005
20.50000,3.02194,0.00001,0.00001,0.99992,0.00006
20.60000,3.02194,0.00001,0.00001,0.99993,0.00005
20.70000,3.02194,0.00001,0.00001,0.99993,0.00005
20.80000,3.02194,0.00000,0.00001,0.99994,0.00005
20.90000,3.02194,0.00000,0.00001,0.99993,0.00006
21.00000,3.02194,0.00000,0.00001,0.99995,0.00004
21.10000,3.02194,0.00000,0.00000,0.99996,0.00003
21.20000,3.02194,0.00000,0.00000,0.99995,0.00004
21.30000,3.02194,0.00000,0.00000,0.99994,0.00005
21.40000,3.02194,0.00000,0.00000,0.99994,0.00005
21.50000,3.02194,0.00000,0.00000,0.99996,0.00004
21.60000,3.02194,0.00000,0.00000,0.99995,0.00004
21.70000,3.02194,0.00000,0.00000,0.99994,0.00005
21.80000,3.02194,0.00000,0.00001,0.99993,0.00006
21.90000,3.02194,0.00000,0.00001,0.99993,0.00006
22.00000,3.02194,0.00000,0.00001,0.99991,0.00007
22.10000,3.02194,0.00000,0.00002,0.99991,0.00007
22.20000,3.02194,0.00000,0.00002,0.99988,0.00009
22.30000,3.02194,0.00000,0.00002,0.99989,0.00009
22.40000,3.02194,0.00000,0.00001,0.99990,0.00009
22.50000,3.02194,0.00000,0.00001,0.99992,0.00007
22.60000,3.02194,0.00000,0.00000,0.99994,0.00005
22.70000,3.02194,0.00000,0.00000,0.99995,0.00004
22.80000,3.02194,0.00000,0.00001,0.99993,0.00006
22.90000,3.02194,0.00000,0.00000,0.99995,0.00005
23.00000,3.02194,0.00000,0.00000,0.99995,0.00004
23.10000,3.02194,0.00000,0.00000,0.99994,0.00005
23.20000,3.02194,0.00000,0.00000,0.99993,0.00006
23.30000,3.02194,0.00000,0.00001,0.99993,0.00006
23.40000,3.02194,0.00000,0.00000,0.99994,0.00005
23.50000,3.02194,0.00000,0.00000,0.99994,0.00005
23.60000,3.02194,0.00000,0.00000,0.99995,0.00004
23.70000,3.02194,0.00000,0.00000,0.99995,0.00004
23.80000,3.02194,0.00000,0.00000,0.99995,0.00004
23.90000,3.02194,0.00000,0.00000,0.99995,0.00004
24.00000,3.02194,0.00000,0.00000,0.99996,0.00004
24.10000,3.02194,0.00000,0.00000,0.99997,0.00003
24.20000,3.02194,0.00001,0.00000,0.99996,0.00003
24.30000,3.02194,0.00000,0.00000,0.99996,0.00003
24.40000,3.02194,0.00000,0.00000,0.99996,0.00003
24.50000,3.02194,0.00000,0.00000,0.99996,0.00003
24.60000,3.02194,0.00000,0.00000,0.99996,0.00003
24.70000,3.02194,0.00001,0.00000,0.99997,0.00002
24.80000,3.02194,0.00001,0.00000,0.99996,0.00003
24.90000,3.02194,0.00001,0.00000,0.99995,0.00004
25.00000,3.02194,0.00001,0.00001,0.99993,0.00005
25.10000,3.02194,0.00001,0.00001,0.99993,0.00006
25.20000,3.02194,0.00001,0.00000,0.99995,0.00003
25.30000,3.02194,0.00002,0.00000,0.99996,0.00002
25.40000,3.02194,0.00002,0.00000,0.99996,0.00002
25.50000,3.02194,0.00002,0.00000,0.99996,0.00002
25.60000,3.02194,0.00002,0.00000,0.99996,0.00002
25.70000,3.02194,0.00002,0.00000,0.99996,0.00002
25.80000,3.02194,0.00003,0.00000,0.99995,0.00002
25.90000,3.02194,0.00002,0.00000,0.99996,0.00002
26.00000,3.02194,0.00004,0.00000,0.99995,0.00001
26.10000,3.02194,0.00002,0.00000,0.99996,0.00002
26.20000,3.02194,0.00001,0.00000,0.99996,0.00002
26.30000,3.02194,0.00001,0.00000,0.99996,0.00003
26.40000,3.02194,0.00002,0.00000,0.99996,0.00002
26.50000,3.02194,0.00004,0.00000,0.99994,0.00002
26.60000,3.02194,0.00005,0.00000,0.99993,0.00002
26.70000,3.02194,0.00007,0.00000,0.99992,0.00001
26.80000,3.02194,0.00014,0.00000,0.99985,0.00001
26.90000,3.02194,0.00017,0.00000,0.99981,0.00001
27.00000,3.02194,0.00031,0.00000,0.99968,0.00001
27.10000,3.02194,0.00023,0.00000,0.99975,0.00001
27.20000,3.02194,0.00052,0.00000,0.99947,0.00001
27.30000,3.02194,0.00042,0.00000,0.99956,0.00001
27.40000,3.02194,0.00029,0.00000,0.99969,0.00001
27.50000,3.02194,0.00013,0.00000,0.99986,0.00001
27.60000,3.02194,0.00006,0.00000,0.99991,0.00002
27.70000,3.02194,0.00003,0.00000,0.99994,0.00002
27.80000,3.02194,0.00003,0.00001,0.99994,0.00003
27.90000,3.02194,0.00002,0.00001,0.99992,0.00004
28.00000,3.02194,0.00002,0.00001,0.99994,0.00003
28.10000,3.02194,0.00002,0.00001,0.99993,0.00003
28.20000,3.02194,0.00002,0.00001,0.99992,0.00005
28.30000,3.02194,0.00001,0.00001,0.99994,0.00004
28.40000,3.02194,0.00001,0.00001,0.99994,0.00005
28.50000,3.02194,0.00001,0.00001,0.99993,0.00005
28.60000,3.02194,0.00001,0.00002,0.99992,0.00006
28.70000,3.02194,0.00000,0.00001,0.99994,0.00004
28.80000,3.02194,0.00000,0.00001,0.99995,0.00003
28.90000,3.02194,0.00001,0.00001,0.99996,0.00003
29.00000,3.02194,0.00001,0.00000,0.99997,0.00002
29.10000,3.02194,0.00001,0.00000,0.99997,0.00001
29.20000,3.02194,0.00003,0.00000,0.99996,0.00001
29.30000,3.02194,0.00006,0.00000,0.99994,0.00001
29.40000,3.02194,0.00006,0.00000,0.99994,0.00000
29.50000,3.02194,0.00004,0.00000,0.99995,0.00001
29.60000,3.02194,0.00002,0.00000,0.99997,0.00001
29.70000,3.02194,0.00001,0.00000,0.99998,0.00001
29.80000,3.02194,0.00001,0.00000,0.99998,0.00001
29.90000,3.02194,0.00001,0.00000,0.99998,0.00001
30.00000,3.02194,0.00001,0.00000,0.99997,0.00002
30.10000,3.02194,0.00001,0.00000,0.99997,0.00003
30.20000,3.02194,0.00000,0.00000,0.99996,0.00003
30.30000,3.02194,0.00000,0.00000,0.99995,0.00005
30.40000,3.02194,0.00000,0.00000,0.99996,0.00003
30.50000,3.02194,0.00000,0.00000,0.99996,0.00003
30.60000,3.02194,0.00000,0.00000,0.99995,0.00005
30.70000,3.02194,0.00001,0.00000,0.99996,0.00003
30.80000,3.02194,0.00001,0.00000,0.99995,0.00004
30.90000,3.02194,0.00001,0.00000,0.99996,0.00003
31.00000,3.02194,0.00001,0.00000,0.99996,0.00003
31.10000,3.02194,0.00001,0.00000,0.99996,0.00003
31.20000,3.02194,0.00001,0.00000,0.99996,0.00002
31.30000,3.02194,0.00001,0.00000,0.99996,0.00002
31.40000,3.02194,0.00003,0.00000,0.99995,0.00002
31.50000,3.02194,0.00003,0.00000,0.99994,0.00003
31.60000,3.02194,0.00003,0.00000,0.99993,0.00003
31.70000,3.02194,0.00004,0.00000,0.99993,0.00003
31.80000,3.02194,0.00006,0.00000,0.99991,0.00003
31.90000,3.02194,0.00011,0.00000,0.99987,0.00002
32.00000,3.02194,0.00010,0.00000,0.99988,0.00002
32.10000,3.02194,0.00011,0.00000,0.99988,0.00001
32.20000,3.02194,0.00008,0.00000,0.99990,0.00002
32.30000,3.02194,0.00011,0.00000,0.99988,0.00001
32.40000,3.02193,0.00012,0.00000,0.99987,0.00001
32.50000,3.02194,0.00010,0.00000,0.99988,0.00001
32.60000,3.02194,0.00010,0.00000,0.99989,0.00001
32.70000,3.02194,0.00006,0.00000,0.99993,0.00001
32.80000,3.02194,0.00006,0.00000,0.99992,0.00001
32.90000,3.02193,0.00010,0.00000,0.99989,0.00001
33.00000,3.02194,0.00013,0.00000,0.99986,0.00001
33.10000,3.02194,0.00018,0.00000,0.99981,0.00001
33.20000,3.02194,0.00021,0.00000,0.99977,0.00001
33.30000,3.02194,0.00011,0.00000,0.99987,0.00002
33.40000,3.02193,0.00006,0.00000,0.99992,0.00001
33.50000,3.02194,0.00008,0.00000,0.99990,0.00001
33.60000,3.02194,0.00005,0.00000,0.99993,0.00002
33.70000,3.02194,0.00005,0.00000,0.99993,0.00002
33.80000,3.02194,0.00003,0.00000,0.99994,0.00003
33.90000,3.02193,0.00004,0.00001,0.99992,0.00003
34.00000,3.02194,0.00005,0.00000,0.99992,0.00002
34.10000,3.02194,0.00005,0.00000,0.99992,0.00002
34.20000,3.02194,0.00003,0.00000,0.99993,0.00003
34.30000,3.02194,0.00004,0.00000,0.99993,0.00003
34.40000,3.02193,0.00004,0.00000,0.99993,0.00002
34.50000,3.02194,0.00008,0.00000,0.99989,0.00002
34.60000,3.02194,0.00010,0.00000,0.99988,0.00002
34.70000,3.02194,0.00006,0.00000,0.99991,0.00003
34.80000,3.02194,0.00003,0.00000,0.99993,0.00003
34.90000,3.02193,0.00004,0.00000,0.99994,0.00002
35.00000,3.02194,0.00003,0.00000,0.99993,0.00004
35.10000,3.02194,0.00002,0.00000,0.99994,0.00003
35.20000,3.02194,0.00002,0.00000,0.99994,0.00004
35.30000,3.02194,0.00002,0.00001,0.99993,0.00005
35.40000,3.02193,0.00002,0.00001,0.99993,0.00005
35.50000,3.02194,0.00001,0.00001,0.99991,0.00007
35.60000,3.02194,0.00001,0.00000,0.99994,0.00005
35.70000,3.02194,0.00001,0.00000,0.99994,0.00005
35.80000,3.02194,0.00001,0.00000,0.99992,0.00007
35.90000,3.02193,0.00001,0.00000,0.99994,0.00005
36.00000,3.02194,0.00001,0.00000,0.99994,0.00004
36.10000,3.02194,0.00001,0.00000,0.99993,0.00005
36.20000,3.02194,0.00001,0.00000,0.99994,0.00005
36.30000,3.02194,0.00001,0.00000,0.99993,0.00005
36.40000,3.02193,0.00001,0.00000,0.99994,0.00005
36.50000,3.02194,0.00001,0.00000,0.99996,0.00003
36.60000,3.02194,0.00001,0.00000,0.99995,0.00004
36.70000,3.02194,0.00001,0.00000,0.99993,0.00005
36.80000,3.02194,0.00001,0.00000,0.99992,0.00006
36.90000,3.02193,0.00001,0.00000,0.99993,0.00006
37.00000,3.02194,0.00001,0.00000,0.99995,0.00004
37.10000,3.02194,0.00001,0.00000,0.99994,0.00005
37.20000,3.02194,0.00001,0.00000,0.99995,0.00004
37.30000,3.02194,0.00001,0.00000,0.99992,0.00006
37.40000,3.02193,0.00001,0.00000,0.99992,0.00006
37.50000,3.02194,0.00001,0.00000,0.99992,0.00007
37.60000,3.02194,0.00001,0.00001,0.99987,0.00011
37.70000,3.02194,0.00001,0.00000,0.99991,0.00008
37.80000,3.02194,0.00001,0.00000,0.99991,0.00008
37.90000,3.02193,0.00001,0.00000,0.99993,0.00006
38.00000,3.02194,0.00001,0.00000,0.99994,0.00005
38.10000,3.02194,0.00001,0.00000,0.99990,0.00008
38.20000,3.02194,0.00001,0.00000,0.99993,0.00006
38.30000,3.02194,0.00001,0.00000,0.99993,0.00005
38.40000,3.02193,0.00001,0.00001,0.99990,0.00009
38.50000,3.02194,0.00001,0.00001,0.99989,0.00009
38.60000,3.02194,0.00001,0.00001,0.99990,0.00009
38.70000,3.02194,0.00000,0.00000,0.99991,0.00008
38.80000,3.02194,0.00001,0.00001,0.99990,0.00009
38.90000,3.02193,0.00001,0.00000,0.99993,0.00007
39.00000,3.02194,0.00001,0.00000,0.99991,0.00008
39.10000,3.02194,0.00001,0.00000,0.99992,0.00007
39.20000,3.02194,0.00001,0.00000,0.99992,0.00007
39.30000,3.02194,0.00001,0.00000,0.99994,0.00006
39.40000,3.02193,0.00001,0.00000,0.99994,0.00005
39.50000,3.02194,0.00001,0.00000,0.99992,0.00007
39.60000,3.02194,0.00001,0.00000,0.99993,0.00006
39.70000,3.02194,0.00001,0.00000,0.99992,0.00007
39.80000,3.02194,0.00001,0.00000,0.99992,0.00007
39.90000,3.02193,0.00000,0.00000,0.99993,0.00006
40.00000,3.02194,0.00000,0.00001,0.99992,0.00007
40.10000,3.02194,0.00000,0.00001,0.99992,0.00007
40.20000,3.02194,0.00000,0.00001,0.99992,0.00007
40.30000,3.02194,0.00000,0.00001,0.99990,0.00009
40.40000,3.02193,0.00000,0.00001,0.99989,0.00009
40.50000,3.02194,0.00000,0.00001,0.99990,0.00008
40.60000,3.02194,0.00000,0.00001,0.99992,0.00007
40.70000,3.02194,0.00000,0.00001,0.99992,0.00007
40.80000,3.02194,0.00000,0.00001,0.99992,0.00007
40.90000,3.02193,0.00000,0.00001,0.99992,0.00007
41.00000,3.02194,0.00000,0.00001,0.99993,0.00006
41.10000,3.02194,0.00000,0.00000,0.99993,0.00006
41.20000,3.02194,0.00000,0.00000,0.99994,0.00005
41.30000,3.02194,0.00000,0.00000,0.99993,0.00006
41.40000,3.02193,0.00000,0.00000,0.99995,0.00004
41.50000,3.02194,0.00000,0.00000,0.99996,0.00004
41.60000,3.02194,0.00001,0.00000,0.99995,0.00004
41.70000,3.02194,0.00001,0.00000,0.99995,0.00004
41.80000,3.02194,0.00001,0.00000,0.99995,0.00005
41.90000,3.02193,0.00000,0.00000,0.99995,0.00004
42.00000,3.02194,0.00000,0.00000,0.99996,0.00004
42.10000,3.02194,0.00000,0.00000,0.99996,0.00004
42.20000,3.02194,0.00001,0.00000,0.99995,0.00004
42.30000,3.02194,0.00001,0.00000,0.99995,0.00004
42.40000,3.02193,0.00001,0.00000,0.99994,0.00005
42.50000,3.02194,0.00001,0.00000,0.99994,0.00005
42.60000,3.02194,0.00000,0.00000,0.99994,0.00005
42.70000,3.02194,0.00001,0.00001,0.99992,0.00007
42.80000,3.02194,0.00001,0.00001,0.99991,0.00007
42.90000,3.02193,0.00000,0.00001,0.99992,0.00007
43.00000,3.02194,0.00000,0.00001,0.99993,0.00006
43.10000,3.02194,0.00000,0.00001,0.99993,0.00006
43.20000,3.02194,0.00000,0.00000,0.99993,0.00006
43.30000,3.02194,0.00000,0.00000,0.99993,0.00006
43.40000,3.02193,0.00000,0.00000,0.99994,0.00005
43.50000,3.02194,0.00000,0.00000,0.99994,0.00005
43.60000,3.02194,0.00000,0.00000,0.99995,0.00004
43.70000,3.02194,0.00000,0.00000,0.99995,0.00004
43.80000,3.02194,0.00000,0.00000,0.99995,0.00004
43.90000,3.02193,0.00000,0.00000,0.99995,0.00005
44.00000,3.02194,0.00000,0.00000,0.99995,0.00005
44.10000,3.02194,0.00000,0.00000,0.99993,0.00006
44.20000,3.02194,0.00000,0.00001,0.99992,0.00007
44.30000,3.02194,0.00000,0.00000,0.99993,0.00006
44.40000,3.02193,0.00000,0.00000,0.99995,0.00004
44.50000,3.02194,0.00000,0.00000,0.99995,0.00005
44.60000,3.02194,0.00001,0.00000,0.99994,0.00005
44.70000,3.02194,0.00000,0.00000,0.99997,0.00003
44.80000,3.02194,0.00001,0.00000,0.99997,0.00003
44.90000,3.02193,0.00001,0.00000,0.99997,0.00002
45.00000,3.02194,0.00002,0.00000,0.99997,0.00002
45.10000,3.02194,0.00002,0.00000,0.99997,0.00001
45.20000,3.02194,0.00003,0.00000,0.99996,0.00001
45.30000,3.02194,0.00003,0.00000,0.99996,0.00001
45.40000,3.02193,0.00003,0.00000,0.99995,0.00001
45.50000,3.02194,0.00004,0.00000,0.99995,0.00001
45.60000,3.02194,0.00005,0.00000,0.99994,0.00001
45.70000,3.02194,0.00005,0.00000,0.99993,0.00001
45.80000,3.02194,0.00005,0.00000,0.99993,0.00002
45.90000,3.02193,0.00006,0.00000,0.99992,0.00002
46.00000,3.02194,0.00007,0.00000,0.99991,0.00002
46.10000,3.02194,0.00009,0.00000,0.99989,0.00002
46.20000,3.02194,0.00010,0.00000,0.99988,0.00002
46.30000,3.02194,0.00009,0.00000,0.99988,0.00003
46.40000,3.02193,0.00011,0.00000,0.99987,0.00003
46.50000,3.02194,0.00013,0.00000,0.99984,0.00003
46.60000,3.02194,0.00016,0.00000,0.99980,0.00003
46.70000,3.02194,0.00017,0.00000,0.99979,0.00003
46.80000,3.02194,0.00019,0.00000,0.99978,0.00003
46.90000,3.02193,0.00097,0.00000,0.99900,0.00002
47.00000,3.02194,0.00045,0.00000,0.99949,0.00005
47.10000,3.02194,0.00053,0.00000,0.99941,0.00005
47.20000,3.02194,0.00076,0.00001,0.99918,0.00006
47.30000,3.02194,0.00111,0.00001,0.99881,0.00008
47.40000,3.02193,0.00144,0.00001,0.99847,0.00009
47.50000,3.02194,0.00167,0.00001,0.99821,0.00011
47.60000,3.02194,0.00187,0.00002,0.99797,0.00013
47.70000,3.02194,0.00217,0.00002,0.99766,0.00015
47.80000,3.02194,0.00199,0.00002,0.99782,0.00017
47.90000,3.02193,0.00165,0.00002,0.99813,0.00020
48.00000,3.02194,0.00140,0.00002,0.99842,0.00017
48.10000,3.02194,0.00148,0.00002,0.99832,0.00017
48.20000,3.02194,0.00150,0.00002,0.99830,0.00017
48.30000,3.02194,0.00155,0.00002,0.99826,0.00016
48.40000,3.02193,0.00153,0.00002,0.99829,0.00016
48.50000,3.02194,0.00252,0.00002,0.99729,0.00017
48.60000,3.02194,0.00272,0.00003,0.99708,0.00017
48.70000,3.02194,0.00298,0.00003,0.99679,0.00020
48.80000,3.02194,0.00404,0.00003,0.99575,0.00018
48.90000,3.02193,0.00630,0.00003,0.99349,0.00018
49.00000,3.02194,0.00652,0.00005,0.99319,0.00024
49.10000,3.02194,0.00841,0.00005,0.99131,0.00023
49.20000,3.02194,0.01038,0.00005,0.98938,0.00020
49.30000,3.02194,0.01154,0.00006,0.98816,0.00025
49.40000,3.02193,0.00771,0.00006,0.99196,0.00027
49.50000,3.02194,0.00946,0.00006,0.99020,0.00028
49.60000,3.02194,0.01153,0.00008,0.98807,0.00032
49.70000,3.02194,0.01426,0.00007,0.98538,0.00029
49.80000,3.02194,0.01579,0.00008,0.98382,0.00032
49.90000,3.02193,0.01873,0.00009,0.98086,0.00033
50.00000,3.02194,0.01660,0.00009,0.98297,0.00034
50.10000,3.02194,0.01709,0.00011,0.98238,0.00042
50.20000,3.02194,0.01870,0.00010,0.98082,0.00038
50.30000,3.02194,0.02197,0.00011,0.97752,0.00040
50.40000,3.02193,0.02016,0.00013,0.97926,0.00046
50.50000,3.02194,0.01756,0.00011,0.98193,0.00040
50.60000,3.02194,0.01337,0.00010,0.98612,0.00041
50.70000,3.02194,0.01270,0.00009,0.98682,0.00039
50.80000,3.02194,0.00920,0.00008,0.99037,0.00035
50.90000,3.02193,0.01273,0.00008,0.98682,0.00037
51.00000,3.02194,0.01530,0.00009,0.98423,0.00038
51.10000,3.02194,0.01643,0.00010,0.98307,0.00040
51.20000,3.02194,0.01473,0.00011,0.98471,0.00046
51.30000,3.02194,0.01278,0.00011,0.98664,0.00047
51.40000,3.02193,0.01286,0.00011,0.98653,0.00050
51.50000,3.02194,0.01251,0.00011,0.98687,0.00051
51.60000,3.02194,0.01355,0.00011,0.98583,0.00051
51.70000,3.02194,0.01310,0.00011,0.98627,0.00052
51.80000,3.02194,0.01222,0.00011,0.98711,0.00055
51.90000,3.02193,0.01066,0.00010,0.98871,0.00053
52.00000,3.02194,0.01048,0.00009,0.98894,0.00049
52.10000,3.02194,0.01087,0.00010,0.98853,0.00050
52.20000,3.02194,0.01144,0.00009,0.98802,0.00046
52.30000,3.02194,0.01054,0.00009,0.98891,0.00046
52.40000,3.02193,0.01205,0.00011,0.98733,0.00052
52.50000,3.02194,0.01180,0.00010,0.98760,0.00050
52.60000,3.02194,0.00789,0.00009,0.99152,0.00049
52.70000,3.02194,0.00532,0.00007,0.99416,0.00045
52.80000,3.02194,0.00417,0.00006,0.99535,0.00042
52.90000,3.02193,0.00312,0.00004,0.99651,0.00032
53.00000,3.02194,0.00324,0.00004,0.99638,0.00034
53.10000,3.02194,0.00317,0.00004,0.99648,0.00031
53.20000,3.02194,0.00311,0.00004,0.99655,0.00031
53.30000,3.02194,0.00238,0.00003,0.99733,0.00026
53.40000,3.02193,0.00228,0.00003,0.99742,0.00027
53.50000,3.02194,0.00208,0.00003,0.99764,0.00025
53.60000,3.02194,0.00209,0.00003,0.99766,0.00023
53.70000,3.02194,0.00245,0.00003,0.99728,0.00024
53.80000,3.02194,0.00216,0.00003,0.99753,0.00028
53.90000,3.02193,0.00194,0.00003,0.99780,0.00024
54.00000,3.02194,0.00160,0.00002,0.99818,0.00020
54.10000,3.02194,0.00184,0.00002,0.99793,0.00021
54.20000,3.02194,0.00165,0.00002,0.99812,0.00020
54.30000,3.02194,0.00165,0.00002,0.99814,0.00019
54.40000,3.02193,0.00174,0.00002,0.99802,0.00021
54.50000,3.02194,0.00168,0.00002,0.99810,0.00019
54.60000,3.02194,0.00142,0.00002,0.99837,0.00019
54.70000,3.02194,0.00113,0.00002,0.99869,0.00017
54.80000,3.02194,0.00113,0.00002,0.99869,0.00016
54.90000,3.02193,0.00098,0.00002,0.99883,0.00018
55.00000,3.02194,0.00093,0.00001,0.99891,0.00015
55.10000,3.02194,0.00080,0.00002,0.99900,0.00018
55.20000,3.02194,0.00071,0.00001,0.99911,0.00017
55.30000,3.02194,0.00056,0.00001,0.99929,0.00015
55.40000,3.02193,0.00048,0.00001,0.99935,0.00016
55.50000,3.02194,0.00035,0.00001,0.99950,0.00014
55.60000,3.02194,0.00030,0.00001,0.99956,0.00013
55.70000,3.02194,0.00028,0.00001,0.99959,0.00013
55.80000,3.02194,0.00024,0.00001,0.99961,0.00014
55.90000,3.02193,0.00023,0.00001,0.99963,0.00013
56.00000,3.02194,0.00018,0.00001,0.99965,0.00015
56.10000,3.02194,0.00019,0.00001,0.99967,0.00013
56.20000,3.02194,0.00023,0.00001,0.99964,0.00012
56.30000,3.02194,0.00023,0.00001,0.99964,0.00013
56.40000,3.02193,0.00025,0.00001,0.99961,0.00013
